   1.990000e-02
   8.646667e-02
   6.425667e-01
   2.510667e-01
   9.999667e-01
   0.000000e+00
   0.000000e+00
   3.333333e-05
   9.999667e-01
   3.333333e-05
   6.641000e-01
   3.359000e-01
   2.140000e-02
   9.173333e-02
   6.460333e-01
   2.476667e-01
   9.999667e-01
   0.000000e+00
   0.000000e+00
   3.333333e-05
   9.999667e-01
   3.333333e-05
   2.140000e-02
   9.173333e-02
   6.460333e-01
   2.476667e-01
   9.999667e-01
   0.000000e+00
   0.000000e+00
   3.333333e-05
   9.999667e-01
   3.333333e-05
