   0.000000e+00    0.000000e+00    0.000000e+00    0.000000e+00    0.000000e+00    0.000000e+00    0.000000e+00    0.000000e+00    0.000000e+00    0.000000e+00    0.000000e+00    0.000000e+00    0.000000e+00    0.000000e+00    0.000000e+00    0.000000e+00    0.000000e+00    0.000000e+00    0.000000e+00 
   1.575000e-02    1.500000e-04    0.000000e+00    1.120000e-02    0.000000e+00    0.000000e+00    5.000000e-04    0.000000e+00    0.000000e+00    0.000000e+00    0.000000e+00    0.000000e+00    0.000000e+00    0.000000e+00    0.000000e+00    0.000000e+00    0.000000e+00    0.000000e+00    0.000000e+00 
   3.245000e-02    4.000000e-04    5.000000e-05    2.315000e-02    2.000000e-04    0.000000e+00    1.500000e-03    0.000000e+00    0.000000e+00    0.000000e+00    0.000000e+00    0.000000e+00    0.000000e+00    0.000000e+00    0.000000e+00    0.000000e+00    0.000000e+00    0.000000e+00    0.000000e+00 
   4.855000e-02    9.000000e-04    5.000000e-05    3.435000e-02    6.500000e-04    0.000000e+00    2.000000e-03    0.000000e+00    0.000000e+00    0.000000e+00    0.000000e+00    0.000000e+00    0.000000e+00    0.000000e+00    0.000000e+00    0.000000e+00    0.000000e+00    0.000000e+00    0.000000e+00 
   6.235000e-02    1.450000e-03    5.000000e-05    4.465000e-02    1.050000e-03    0.000000e+00    2.800000e-03    0.000000e+00    0.000000e+00    0.000000e+00    0.000000e+00    0.000000e+00    0.000000e+00    0.000000e+00    0.000000e+00    0.000000e+00    0.000000e+00    0.000000e+00    0.000000e+00 
   7.670000e-02    2.150000e-03    5.000000e-05    5.540000e-02    1.550000e-03    0.000000e+00    3.200000e-03    0.000000e+00    0.000000e+00    0.000000e+00    0.000000e+00    0.000000e+00    0.000000e+00    0.000000e+00    0.000000e+00    0.000000e+00    0.000000e+00    0.000000e+00    0.000000e+00 
   8.945000e-02    3.650000e-03    5.000000e-05    6.520000e-02    2.050000e-03    0.000000e+00    3.600000e-03    0.000000e+00    0.000000e+00    0.000000e+00    0.000000e+00    0.000000e+00    0.000000e+00    0.000000e+00    0.000000e+00    0.000000e+00    0.000000e+00    0.000000e+00    0.000000e+00 
   1.025000e-01    5.450000e-03    5.000000e-05    7.580000e-02    2.650000e-03    5.000000e-05    4.400000e-03    0.000000e+00    0.000000e+00    0.000000e+00    0.000000e+00    0.000000e+00    0.000000e+00    0.000000e+00    0.000000e+00    0.000000e+00    0.000000e+00    0.000000e+00    0.000000e+00 
   1.164000e-01    7.050000e-03    5.000000e-05    8.595000e-02    3.050000e-03    5.000000e-05    4.750000e-03    0.000000e+00    0.000000e+00    0.000000e+00    0.000000e+00    0.000000e+00    0.000000e+00    0.000000e+00    0.000000e+00    0.000000e+00    0.000000e+00    0.000000e+00    0.000000e+00 
   1.296500e-01    8.750000e-03    5.000000e-05    9.645000e-02    4.100000e-03    5.000000e-05    5.300000e-03    0.000000e+00    0.000000e+00    0.000000e+00    0.000000e+00    0.000000e+00    0.000000e+00    0.000000e+00    0.000000e+00    0.000000e+00    0.000000e+00    0.000000e+00    0.000000e+00 
   1.425000e-01    1.050000e-02    5.000000e-05    1.063000e-01    5.300000e-03    5.000000e-05    5.750000e-03    0.000000e+00    0.000000e+00    0.000000e+00    0.000000e+00    0.000000e+00    0.000000e+00    0.000000e+00    0.000000e+00    0.000000e+00    0.000000e+00    0.000000e+00    0.000000e+00 
   1.544500e-01    1.240000e-02    5.000000e-05    1.169000e-01    6.250000e-03    5.000000e-05    6.600000e-03    0.000000e+00    0.000000e+00    0.000000e+00    0.000000e+00    0.000000e+00    0.000000e+00    0.000000e+00    0.000000e+00    0.000000e+00    0.000000e+00    0.000000e+00    0.000000e+00 
   1.662500e-01    1.540000e-02    1.000000e-04    1.275500e-01    7.500000e-03    1.000000e-04    7.000000e-03    0.000000e+00    0.000000e+00    0.000000e+00    0.000000e+00    0.000000e+00    0.000000e+00    0.000000e+00    0.000000e+00    0.000000e+00    0.000000e+00    0.000000e+00    0.000000e+00 
   1.807000e-01    1.765000e-02    1.000000e-04    1.367500e-01    8.900000e-03    1.000000e-04    8.000000e-03    0.000000e+00    0.000000e+00    0.000000e+00    0.000000e+00    0.000000e+00    0.000000e+00    0.000000e+00    0.000000e+00    0.000000e+00    0.000000e+00    0.000000e+00    0.000000e+00 
   1.953000e-01    2.020000e-02    1.500000e-04    1.462000e-01    1.005000e-02    2.000000e-04    8.600000e-03    0.000000e+00    0.000000e+00    0.000000e+00    0.000000e+00    0.000000e+00    0.000000e+00    0.000000e+00    0.000000e+00    0.000000e+00    0.000000e+00    0.000000e+00    0.000000e+00 
   2.075500e-01    2.290000e-02    2.000000e-04    1.564000e-01    1.120000e-02    2.500000e-04    9.350000e-03    0.000000e+00    0.000000e+00    0.000000e+00    0.000000e+00    0.000000e+00    0.000000e+00    0.000000e+00    0.000000e+00    0.000000e+00    0.000000e+00    0.000000e+00    0.000000e+00 
   2.198000e-01    2.630000e-02    2.500000e-04    1.664000e-01    1.315000e-02    2.500000e-04    9.900000e-03    0.000000e+00    0.000000e+00    0.000000e+00    0.000000e+00    0.000000e+00    0.000000e+00    0.000000e+00    0.000000e+00    0.000000e+00    0.000000e+00    0.000000e+00    0.000000e+00 
   2.314500e-01    2.920000e-02    3.500000e-04    1.758500e-01    1.480000e-02    3.000000e-04    1.045000e-02    0.000000e+00    0.000000e+00    0.000000e+00    0.000000e+00    0.000000e+00    0.000000e+00    0.000000e+00    0.000000e+00    0.000000e+00    0.000000e+00    0.000000e+00    0.000000e+00 
   2.434500e-01    3.200000e-02    4.000000e-04    1.855000e-01    1.625000e-02    3.000000e-04    1.110000e-02    0.000000e+00    0.000000e+00    0.000000e+00    0.000000e+00    0.000000e+00    0.000000e+00    0.000000e+00    0.000000e+00    0.000000e+00    0.000000e+00    0.000000e+00    0.000000e+00 
   2.550000e-01    3.500000e-02    5.000000e-04    1.959500e-01    1.805000e-02    3.000000e-04    1.135000e-02    0.000000e+00    0.000000e+00    0.000000e+00    0.000000e+00    0.000000e+00    0.000000e+00    0.000000e+00    0.000000e+00    0.000000e+00    0.000000e+00    0.000000e+00    0.000000e+00 
   2.676500e-01    3.860000e-02    5.000000e-04    2.038500e-01    2.040000e-02    3.500000e-04    1.170000e-02    0.000000e+00    0.000000e+00    0.000000e+00    0.000000e+00    0.000000e+00    0.000000e+00    0.000000e+00    0.000000e+00    0.000000e+00    0.000000e+00    0.000000e+00    0.000000e+00 
   2.784500e-01    4.270000e-02    6.000000e-04    2.130000e-01    2.205000e-02    3.500000e-04    1.240000e-02    0.000000e+00    0.000000e+00    0.000000e+00    0.000000e+00    0.000000e+00    0.000000e+00    0.000000e+00    0.000000e+00    0.000000e+00    0.000000e+00    0.000000e+00    0.000000e+00 
   2.893000e-01    4.640000e-02    7.000000e-04    2.209000e-01    2.420000e-02    3.500000e-04    1.330000e-02    0.000000e+00    0.000000e+00    0.000000e+00    0.000000e+00    0.000000e+00    0.000000e+00    0.000000e+00    0.000000e+00    0.000000e+00    0.000000e+00    0.000000e+00    0.000000e+00 
   2.998500e-01    4.990000e-02    9.500000e-04    2.291000e-01    2.600000e-02    3.500000e-04    1.385000e-02    0.000000e+00    0.000000e+00    0.000000e+00    0.000000e+00    0.000000e+00    0.000000e+00    0.000000e+00    0.000000e+00    0.000000e+00    0.000000e+00    0.000000e+00    0.000000e+00 
   3.104000e-01    5.285000e-02    1.150000e-03    2.379000e-01    2.815000e-02    4.000000e-04    1.420000e-02    0.000000e+00    0.000000e+00    0.000000e+00    0.000000e+00    0.000000e+00    0.000000e+00    0.000000e+00    0.000000e+00    0.000000e+00    0.000000e+00    0.000000e+00    0.000000e+00 
   3.207500e-01    5.635000e-02    1.150000e-03    2.477000e-01    3.045000e-02    5.500000e-04    1.505000e-02    0.000000e+00    0.000000e+00    0.000000e+00    0.000000e+00    0.000000e+00    0.000000e+00    0.000000e+00    0.000000e+00    0.000000e+00    0.000000e+00    0.000000e+00    0.000000e+00 
   3.307500e-01    6.090000e-02    1.300000e-03    2.570500e-01    3.250000e-02    6.500000e-04    1.540000e-02    0.000000e+00    0.000000e+00    0.000000e+00    0.000000e+00    0.000000e+00    0.000000e+00    0.000000e+00    0.000000e+00    0.000000e+00    0.000000e+00    0.000000e+00    0.000000e+00 
   3.407000e-01    6.535000e-02    1.400000e-03    2.660000e-01    3.455000e-02    7.500000e-04    1.645000e-02    0.000000e+00    0.000000e+00    0.000000e+00    0.000000e+00    0.000000e+00    0.000000e+00    0.000000e+00    0.000000e+00    0.000000e+00    0.000000e+00    0.000000e+00    0.000000e+00 
   3.501500e-01    6.995000e-02    1.600000e-03    2.746000e-01    3.720000e-02    8.000000e-04    1.705000e-02    0.000000e+00    0.000000e+00    0.000000e+00    0.000000e+00    0.000000e+00    0.000000e+00    0.000000e+00    0.000000e+00    0.000000e+00    0.000000e+00    0.000000e+00    0.000000e+00 
   3.600500e-01    7.415000e-02    1.700000e-03    2.817000e-01    4.025000e-02    8.000000e-04    1.785000e-02    0.000000e+00    0.000000e+00    0.000000e+00    0.000000e+00    0.000000e+00    0.000000e+00    0.000000e+00    0.000000e+00    0.000000e+00    0.000000e+00    0.000000e+00    0.000000e+00 
   3.701500e-01    7.870000e-02    1.900000e-03    2.893500e-01    4.210000e-02    9.500000e-04    1.855000e-02    0.000000e+00    0.000000e+00    0.000000e+00    0.000000e+00    0.000000e+00    0.000000e+00    0.000000e+00    0.000000e+00    0.000000e+00    0.000000e+00    0.000000e+00    0.000000e+00 
   3.793500e-01    8.385000e-02    2.150000e-03    2.983000e-01    4.465000e-02    1.050000e-03    1.920000e-02    1.946000e-01    0.000000e+00    1.199500e-01    5.840000e-02    1.715000e-02    5.000000e-04    1.369000e-01    5.050000e-02    8.500000e-03    1.000000e-04    1.919500e-01    2.650000e-03 
   3.881500e-01    8.785000e-02    2.300000e-03    3.063500e-01    4.720000e-02    1.050000e-03    2.010000e-02    3.929500e-01    0.000000e+00    2.447500e-01    1.181500e-01    3.425000e-02    9.500000e-04    2.747000e-01    1.036500e-01    1.815000e-02    5.000000e-04    3.860500e-01    7.200000e-03 
   3.973000e-01    9.205000e-02    2.450000e-03    3.149500e-01    5.000000e-02    1.100000e-03    2.040000e-02    5.940000e-01    9.950000e-02    3.648500e-01    1.863500e-01    5.285000e-02    1.400000e-03    4.150500e-01    1.581500e-01    2.980000e-02    7.500000e-04    5.834000e-01    1.105000e-02 
   4.072000e-01    9.665000e-02    2.750000e-03    3.229000e-01    5.300000e-02    1.200000e-03    2.075000e-02    7.985000e-01    2.928000e-01    4.892000e-01    2.517000e-01    7.365000e-02    2.150000e-03    5.542500e-01    2.166500e-01    4.135000e-02    9.500000e-04    7.832500e-01    1.585000e-02 
   4.172500e-01    1.016000e-01    2.850000e-03    3.304000e-01    5.595000e-02    1.250000e-03    2.135000e-02    1.000000e+00    4.927500e-01    6.070000e-01    3.203000e-01    9.655000e-02    2.700000e-03    6.891500e-01    2.769000e-01    5.290000e-02    1.250000e-03    9.798500e-01    2.115000e-02 
   4.261500e-01    1.057500e-01    3.300000e-03    3.386500e-01    5.830000e-02    1.250000e-03    2.220000e-02    1.000000e+00    6.988000e-01    6.070000e-01    3.236500e-01    9.825000e-02    3.000000e-03    6.891500e-01    2.798500e-01    5.375000e-02    1.250000e-03    9.798500e-01    2.155000e-02 
   4.339500e-01    1.103000e-01    3.550000e-03    3.461000e-01    6.165000e-02    1.450000e-03    2.275000e-02    1.000000e+00    8.987000e-01    6.070000e-01    3.252500e-01    9.890000e-02    3.050000e-03    6.891500e-01    2.811000e-01    5.470000e-02    1.300000e-03    9.798500e-01    2.155000e-02 
   4.427500e-01    1.146000e-01    3.850000e-03    3.534000e-01    6.475000e-02    1.550000e-03    2.340000e-02    1.000000e+00    1.000000e+00    6.070000e-01    3.255500e-01    9.900000e-02    3.050000e-03    6.891500e-01    2.813000e-01    5.475000e-02    1.300000e-03    9.798500e-01    2.160000e-02 
   4.508000e-01    1.190000e-01    4.000000e-03    3.601500e-01    6.790000e-02    1.700000e-03    2.375000e-02    1.000000e+00    1.000000e+00    6.070000e-01    3.255500e-01    9.900000e-02    3.050000e-03    6.891500e-01    2.813000e-01    5.475000e-02    1.300000e-03    9.798500e-01    2.160000e-02 
   4.596500e-01    1.233000e-01    4.100000e-03    3.676500e-01    7.080000e-02    1.750000e-03    2.455000e-02    1.000000e+00    1.000000e+00    6.070000e-01    3.255500e-01    9.900000e-02    3.050000e-03    6.891500e-01    2.813000e-01    5.475000e-02    1.300000e-03    9.798500e-01    2.160000e-02 
   4.681500e-01    1.282000e-01    4.200000e-03    3.740500e-01    7.365000e-02    1.750000e-03    2.515000e-02    1.000000e+00    1.000000e+00    6.070000e-01    3.255500e-01    9.900000e-02    3.050000e-03    6.891500e-01    2.813000e-01    5.475000e-02    1.300000e-03    9.798500e-01    2.160000e-02 
   4.758000e-01    1.324500e-01    4.300000e-03    3.810500e-01    7.635000e-02    2.050000e-03    2.575000e-02    1.000000e+00    1.000000e+00    6.070000e-01    3.255500e-01    9.900000e-02    3.050000e-03    6.891500e-01    2.813000e-01    5.475000e-02    1.300000e-03    9.798500e-01    2.160000e-02 
   4.849000e-01    1.368000e-01    4.600000e-03    3.887000e-01    7.960000e-02    2.250000e-03    2.635000e-02    1.000000e+00    1.000000e+00    6.070000e-01    3.255500e-01    9.900000e-02    3.050000e-03    6.891500e-01    2.813000e-01    5.475000e-02    1.300000e-03    9.798500e-01    2.160000e-02 
   4.928000e-01    1.427000e-01    5.200000e-03    3.954500e-01    8.290000e-02    2.300000e-03    2.740000e-02    1.000000e+00    1.000000e+00    6.070000e-01    3.255500e-01    9.900000e-02    3.050000e-03    6.891500e-01    2.813000e-01    5.475000e-02    1.300000e-03    9.798500e-01    2.160000e-02 
   5.004500e-01    1.474000e-01    5.350000e-03    4.019500e-01    8.615000e-02    2.400000e-03    2.780000e-02    1.000000e+00    1.000000e+00    6.070000e-01    3.255500e-01    9.900000e-02    3.050000e-03    6.891500e-01    2.813000e-01    5.475000e-02    1.300000e-03    9.798500e-01    2.160000e-02 
   5.076500e-01    1.529000e-01    5.900000e-03    4.080000e-01    8.915000e-02    2.600000e-03    2.860000e-02    1.000000e+00    1.000000e+00    6.070000e-01    3.255500e-01    9.900000e-02    3.050000e-03    6.891500e-01    2.813000e-01    5.475000e-02    1.300000e-03    9.798500e-01    2.160000e-02 
   5.153500e-01    1.586000e-01    6.350000e-03    4.141500e-01    9.245000e-02    2.600000e-03    2.955000e-02    1.000000e+00    1.000000e+00    6.070000e-01    3.255500e-01    9.900000e-02    3.050000e-03    6.891500e-01    2.813000e-01    5.475000e-02    1.300000e-03    9.798500e-01    2.160000e-02 
   5.233500e-01    1.638500e-01    6.700000e-03    4.207000e-01    9.565000e-02    2.750000e-03    3.030000e-02    1.000000e+00    1.000000e+00    6.070000e-01    3.255500e-01    9.900000e-02    3.050000e-03    6.891500e-01    2.813000e-01    5.475000e-02    1.300000e-03    9.798500e-01    2.160000e-02 
   5.310000e-01    1.690500e-01    7.150000e-03    4.276000e-01    1.001000e-01    2.950000e-03    3.110000e-02    1.000000e+00    1.000000e+00    6.070000e-01    3.255500e-01    9.900000e-02    3.050000e-03    6.891500e-01    2.813000e-01    5.475000e-02    1.300000e-03    9.798500e-01    2.160000e-02 
   5.363500e-01    1.750000e-01    7.350000e-03    4.344500e-01    1.042000e-01    3.150000e-03    3.175000e-02    1.000000e+00    1.000000e+00    6.070000e-01    3.255500e-01    9.900000e-02    3.050000e-03    6.891500e-01    2.813000e-01    5.475000e-02    1.300000e-03    9.798500e-01    2.160000e-02 
   5.436500e-01    1.797500e-01    7.850000e-03    4.407500e-01    1.072500e-01    3.400000e-03    3.240000e-02    1.000000e+00    1.000000e+00    6.070000e-01    3.255500e-01    9.900000e-02    3.050000e-03    6.891500e-01    2.813000e-01    5.475000e-02    1.300000e-03    9.798500e-01    2.160000e-02 
   5.510500e-01    1.853000e-01    8.200000e-03    4.472500e-01    1.115500e-01    3.600000e-03    3.300000e-02    1.000000e+00    1.000000e+00    6.070000e-01    3.255500e-01    9.900000e-02    3.050000e-03    6.891500e-01    2.813000e-01    5.475000e-02    1.300000e-03    9.798500e-01    2.160000e-02 
   5.582000e-01    1.910000e-01    8.500000e-03    4.535000e-01    1.150000e-01    3.700000e-03    3.345000e-02    1.000000e+00    1.000000e+00    6.070000e-01    3.255500e-01    9.900000e-02    3.050000e-03    6.891500e-01    2.813000e-01    5.475000e-02    1.300000e-03    9.798500e-01    2.160000e-02 
   5.652500e-01    1.976500e-01    8.900000e-03    4.599000e-01    1.184000e-01    3.850000e-03    3.395000e-02    1.000000e+00    1.000000e+00    6.070000e-01    3.255500e-01    9.900000e-02    3.050000e-03    6.891500e-01    2.813000e-01    5.475000e-02    1.300000e-03    9.798500e-01    2.160000e-02 
   5.721000e-01    2.034500e-01    9.500000e-03    4.671000e-01    1.217500e-01    4.150000e-03    3.450000e-02    1.000000e+00    1.000000e+00    6.070000e-01    3.255500e-01    9.900000e-02    3.050000e-03    6.891500e-01    2.813000e-01    5.475000e-02    1.300000e-03    9.798500e-01    2.160000e-02 
   5.797000e-01    2.088000e-01    1.000000e-02    4.728500e-01    1.252500e-01    4.300000e-03    3.490000e-02    1.000000e+00    1.000000e+00    6.070000e-01    3.255500e-01    9.900000e-02    3.050000e-03    6.891500e-01    2.813000e-01    5.475000e-02    1.300000e-03    9.798500e-01    2.160000e-02 
   5.867500e-01    2.142500e-01    1.050000e-02    4.788000e-01    1.292000e-01    4.550000e-03    3.545000e-02    1.000000e+00    1.000000e+00    6.070000e-01    3.255500e-01    9.900000e-02    3.050000e-03    6.891500e-01    2.813000e-01    5.475000e-02    1.300000e-03    9.798500e-01    2.160000e-02 
   5.929000e-01    2.189500e-01    1.120000e-02    4.855000e-01    1.328000e-01    5.000000e-03    3.605000e-02    1.000000e+00    1.000000e+00    6.070000e-01    3.255500e-01    9.900000e-02    3.050000e-03    6.891500e-01    2.813000e-01    5.475000e-02    1.300000e-03    9.798500e-01    2.160000e-02 
   5.995500e-01    2.243000e-01    1.175000e-02    4.906000e-01    1.359500e-01    5.350000e-03    3.675000e-02    1.000000e+00    1.000000e+00    6.070000e-01    3.255500e-01    9.900000e-02    3.050000e-03    6.891500e-01    2.813000e-01    5.475000e-02    1.300000e-03    9.798500e-01    2.160000e-02 
   6.065000e-01    2.300500e-01    1.235000e-02    4.963500e-01    1.403500e-01    5.800000e-03    3.730000e-02    1.000000e+00    1.000000e+00    6.070000e-01    3.255500e-01    9.900000e-02    3.050000e-03    6.891500e-01    2.813000e-01    5.475000e-02    1.300000e-03    9.798500e-01    2.160000e-02 
   6.143000e-01    2.359500e-01    1.285000e-02    5.024500e-01    1.434000e-01    6.050000e-03    3.775000e-02    1.000000e+00    1.000000e+00    6.070000e-01    3.255500e-01    9.900000e-02    3.050000e-03    6.891500e-01    2.813000e-01    5.475000e-02    1.300000e-03    9.798500e-01    2.160000e-02 
   6.203000e-01    2.415500e-01    1.345000e-02    5.078500e-01    1.472000e-01    6.300000e-03    3.820000e-02    1.000000e+00    1.000000e+00    6.070000e-01    3.255500e-01    9.900000e-02    3.050000e-03    6.891500e-01    2.813000e-01    5.475000e-02    1.300000e-03    9.798500e-01    2.160000e-02 
   6.260000e-01    2.474000e-01    1.425000e-02    5.138500e-01    1.505500e-01    6.600000e-03    3.900000e-02    1.005000e+00    1.000000e+00    6.085000e-01    3.277500e-01    1.003500e-01    3.050000e-03    6.917000e-01    2.831000e-01    5.540000e-02    1.350000e-03    9.846000e-01    2.185000e-02 
   6.325500e-01    2.528500e-01    1.490000e-02    5.187500e-01    1.545500e-01    6.850000e-03    3.965000e-02    1.043950e+00    1.000000e+00    6.238500e-01    3.416000e-01    1.095000e-01    3.950000e-03    7.113000e-01    2.975000e-01    6.040000e-02    1.450000e-03    1.022250e+00    2.320000e-02 
   6.381000e-01    2.595500e-01    1.545000e-02    5.241000e-01    1.579500e-01    7.150000e-03    4.020000e-02    1.123600e+00    1.000000e+00    6.527500e-01    3.724500e-01    1.294000e-01    4.900000e-03    7.492000e-01    3.262000e-01    7.320000e-02    2.200000e-03    1.098750e+00    2.635000e-02 
   6.435000e-01    2.659500e-01    1.590000e-02    5.291000e-01    1.617000e-01    7.700000e-03    4.055000e-02    1.244050e+00    1.020000e+00    6.959000e-01    4.190500e-01    1.598500e-01    6.800000e-03    8.062000e-01    3.719500e-01    9.140000e-02    3.450000e-03    1.214550e+00    3.105000e-02 
   6.493500e-01    2.727000e-01    1.655000e-02    5.346500e-01    1.657500e-01    8.150000e-03    4.135000e-02    1.402600e+00    1.078950e+00    7.521000e-01    4.818500e-01    2.001500e-01    9.900000e-03    8.780500e-01    4.348000e-01    1.170000e-01    4.500000e-03    1.366700e+00    3.780000e-02 
   6.551000e-01    2.789000e-01    1.735000e-02    5.399000e-01    1.693000e-01    8.400000e-03    4.185000e-02    1.589100e+00    1.178850e+00    8.157500e-01    5.535500e-01    2.524500e-01    1.350000e-02    9.629500e-01    5.055000e-01    1.487500e-01    6.350000e-03    1.545200e+00    4.600000e-02 
   6.605000e-01    2.847500e-01    1.810000e-02    5.442500e-01    1.729000e-01    8.700000e-03    4.240000e-02    1.753150e+00    1.318700e+00    8.707500e-01    6.158000e-01    3.018000e-01    1.680000e-02    1.037450e+00    5.686500e-01    1.770500e-01    7.800000e-03    1.702250e+00    5.325000e-02 
   6.658000e-01    2.901500e-01    1.865000e-02    5.498500e-01    1.768000e-01    8.900000e-03    4.310000e-02    1.874950e+00    1.496100e+00    9.115000e-01    6.650500e-01    3.362500e-01    1.895000e-02    1.093850e+00    6.147500e-01    1.992500e-01    8.950000e-03    1.819250e+00    5.835000e-02 
   6.704500e-01    2.956000e-01    1.960000e-02    5.552500e-01    1.805000e-01    9.250000e-03    4.355000e-02    1.956450e+00    1.673950e+00    9.399000e-01    6.975500e-01    3.583000e-01    2.095000e-02    1.131250e+00    6.466500e-01    2.140000e-01    9.700000e-03    1.897200e+00    6.205000e-02 
   6.759000e-01    3.009500e-01    2.010000e-02    5.602000e-01    1.845500e-01    9.350000e-03    4.425000e-02    1.995250e+00    1.819800e+00    9.529500e-01    7.137500e-01    3.689000e-01    2.180000e-02    1.148750e+00    6.612500e-01    2.223000e-01    1.025000e-02    1.934050e+00    6.415000e-02 
   6.808500e-01    3.060000e-01    2.095000e-02    5.653500e-01    1.879000e-01    9.950000e-03    4.455000e-02    2.000000e+00    1.921200e+00    9.548500e-01    7.162000e-01    3.704500e-01    2.225000e-02    1.151000e+00    6.634000e-01    2.236000e-01    1.025000e-02    1.938600e+00    6.435000e-02 
   6.857000e-01    3.111000e-01    2.140000e-02    5.706500e-01    1.921000e-01    1.030000e-02    4.545000e-02    2.000000e+00    1.981700e+00    9.548500e-01    7.163500e-01    3.706500e-01    2.225000e-02    1.151000e+00    6.639000e-01    2.238500e-01    1.025000e-02    1.938600e+00    6.435000e-02 
   6.899500e-01    3.163000e-01    2.205000e-02    5.758000e-01    1.955000e-01    1.070000e-02    4.620000e-02    2.000000e+00    2.000000e+00    9.548500e-01    7.163500e-01    3.706500e-01    2.225000e-02    1.151000e+00    6.639000e-01    2.240000e-01    1.025000e-02    1.938600e+00    6.435000e-02 
   6.947500e-01    3.232500e-01    2.315000e-02    5.805500e-01    1.993000e-01    1.100000e-02    4.690000e-02    2.000000e+00    2.000000e+00    9.548500e-01    7.163500e-01    3.706500e-01    2.225000e-02    1.151000e+00    6.639000e-01    2.240000e-01    1.025000e-02    1.938600e+00    6.435000e-02 
   6.991500e-01    3.288500e-01    2.380000e-02    5.843000e-01    2.028000e-01    1.155000e-02    4.780000e-02    2.000000e+00    2.000000e+00    9.548500e-01    7.163500e-01    3.706500e-01    2.225000e-02    1.151000e+00    6.639000e-01    2.240000e-01    1.025000e-02    1.938600e+00    6.435000e-02 
   7.028000e-01    3.344000e-01    2.505000e-02    5.894000e-01    2.070000e-01    1.180000e-02    4.850000e-02    2.000000e+00    2.000000e+00    9.548500e-01    7.163500e-01    3.706500e-01    2.225000e-02    1.151000e+00    6.639000e-01    2.240000e-01    1.025000e-02    1.938600e+00    6.435000e-02 
   7.077500e-01    3.390000e-01    2.575000e-02    5.943500e-01    2.108500e-01    1.245000e-02    4.915000e-02    2.000000e+00    2.000000e+00    9.548500e-01    7.163500e-01    3.706500e-01    2.225000e-02    1.151000e+00    6.639000e-01    2.240000e-01    1.025000e-02    1.938600e+00    6.435000e-02 
   7.121000e-01    3.450500e-01    2.655000e-02    5.997000e-01    2.147500e-01    1.265000e-02    5.010000e-02    2.000000e+00    2.000000e+00    9.548500e-01    7.163500e-01    3.706500e-01    2.225000e-02    1.151000e+00    6.639000e-01    2.240000e-01    1.025000e-02    1.938600e+00    6.435000e-02 
   7.171000e-01    3.498000e-01    2.750000e-02    6.050000e-01    2.179000e-01    1.305000e-02    5.060000e-02    2.000000e+00    2.000000e+00    9.548500e-01    7.163500e-01    3.706500e-01    2.225000e-02    1.151000e+00    6.639000e-01    2.240000e-01    1.025000e-02    1.938600e+00    6.435000e-02 
   7.217000e-01    3.549000e-01    2.820000e-02    6.086000e-01    2.216500e-01    1.350000e-02    5.135000e-02    2.000000e+00    2.000000e+00    9.548500e-01    7.163500e-01    3.706500e-01    2.225000e-02    1.151000e+00    6.639000e-01    2.240000e-01    1.025000e-02    1.938600e+00    6.435000e-02 
   7.260000e-01    3.600500e-01    2.900000e-02    6.137500e-01    2.256000e-01    1.395000e-02    5.190000e-02    2.000000e+00    2.000000e+00    9.548500e-01    7.163500e-01    3.706500e-01    2.225000e-02    1.151000e+00    6.639000e-01    2.240000e-01    1.025000e-02    1.938600e+00    6.435000e-02 
   7.300500e-01    3.659000e-01    2.970000e-02    6.191500e-01    2.292000e-01    1.430000e-02    5.260000e-02    2.000000e+00    2.000000e+00    9.548500e-01    7.163500e-01    3.706500e-01    2.225000e-02    1.151000e+00    6.639000e-01    2.240000e-01    1.025000e-02    1.938600e+00    6.435000e-02 
   7.338500e-01    3.713000e-01    3.075000e-02    6.238000e-01    2.327000e-01    1.480000e-02    5.320000e-02    2.000000e+00    2.000000e+00    9.548500e-01    7.163500e-01    3.706500e-01    2.225000e-02    1.151000e+00    6.639000e-01    2.240000e-01    1.025000e-02    1.938600e+00    6.435000e-02 
   7.384000e-01    3.761000e-01    3.160000e-02    6.279000e-01    2.372500e-01    1.535000e-02    5.355000e-02    2.000000e+00    2.000000e+00    9.548500e-01    7.163500e-01    3.706500e-01    2.225000e-02    1.151000e+00    6.639000e-01    2.240000e-01    1.025000e-02    1.938600e+00    6.435000e-02 
   7.426500e-01    3.813500e-01    3.205000e-02    6.320000e-01    2.406000e-01    1.555000e-02    5.400000e-02    2.000000e+00    2.000000e+00    9.548500e-01    7.163500e-01    3.706500e-01    2.225000e-02    1.151000e+00    6.639000e-01    2.240000e-01    1.025000e-02    1.938600e+00    6.435000e-02 
   7.471000e-01    3.865500e-01    3.265000e-02    6.354500e-01    2.432000e-01    1.605000e-02    5.470000e-02    2.000000e+00    2.000000e+00    9.548500e-01    7.163500e-01    3.706500e-01    2.225000e-02    1.151000e+00    6.639000e-01    2.240000e-01    1.025000e-02    1.938600e+00    6.435000e-02 
   7.517000e-01    3.923000e-01    3.345000e-02    6.392000e-01    2.475000e-01    1.670000e-02    5.570000e-02    2.000000e+00    2.000000e+00    9.548500e-01    7.163500e-01    3.706500e-01    2.225000e-02    1.151000e+00    6.639000e-01    2.240000e-01    1.025000e-02    1.938600e+00    6.435000e-02 
   7.559000e-01    3.968500e-01    3.435000e-02    6.436000e-01    2.518000e-01    1.720000e-02    5.660000e-02    2.000000e+00    2.000000e+00    9.548500e-01    7.163500e-01    3.706500e-01    2.225000e-02    1.151000e+00    6.639000e-01    2.240000e-01    1.025000e-02    1.938600e+00    6.435000e-02 
   7.595500e-01    4.014000e-01    3.535000e-02    6.480500e-01    2.558500e-01    1.775000e-02    5.715000e-02    2.000000e+00    2.000000e+00    9.548500e-01    7.163500e-01    3.706500e-01    2.225000e-02    1.151000e+00    6.639000e-01    2.240000e-01    1.025000e-02    1.938600e+00    6.435000e-02 
   7.637500e-01    4.053000e-01    3.595000e-02    6.523000e-01    2.607500e-01    1.835000e-02    5.760000e-02    2.000000e+00    2.000000e+00    9.548500e-01    7.163500e-01    3.706500e-01    2.225000e-02    1.151000e+00    6.639000e-01    2.240000e-01    1.025000e-02    1.938600e+00    6.435000e-02 
   7.673500e-01    4.117500e-01    3.710000e-02    6.562000e-01    2.646000e-01    1.865000e-02    5.815000e-02    2.000000e+00    2.000000e+00    9.548500e-01    7.163500e-01    3.706500e-01    2.225000e-02    1.151000e+00    6.639000e-01    2.240000e-01    1.025000e-02    1.938600e+00    6.435000e-02 
   7.711500e-01    4.171000e-01    3.795000e-02    6.601500e-01    2.683000e-01    1.935000e-02    5.880000e-02    2.000000e+00    2.000000e+00    9.548500e-01    7.163500e-01    3.706500e-01    2.225000e-02    1.151000e+00    6.639000e-01    2.240000e-01    1.025000e-02    1.938600e+00    6.435000e-02 
   7.738500e-01    4.225000e-01    3.870000e-02    6.638000e-01    2.721000e-01    1.995000e-02    5.925000e-02    2.000000e+00    2.000000e+00    9.548500e-01    7.163500e-01    3.706500e-01    2.225000e-02    1.151000e+00    6.639000e-01    2.240000e-01    1.025000e-02    1.938600e+00    6.435000e-02 
   7.769500e-01    4.276500e-01    3.940000e-02    6.677500e-01    2.759500e-01    2.025000e-02    5.990000e-02    2.001600e+00    2.000000e+00    9.550500e-01    7.171000e-01    3.712000e-01    2.235000e-02    1.151450e+00    6.645000e-01    2.245000e-01    1.030000e-02    1.940150e+00    6.440000e-02 
   7.805000e-01    4.319500e-01    4.000000e-02    6.712000e-01    2.801000e-01    2.065000e-02    6.040000e-02    2.010400e+00    2.000000e+00    9.571500e-01    7.202500e-01    3.743000e-01    2.280000e-02    1.154650e+00    6.678500e-01    2.266000e-01    1.045000e-02    1.948650e+00    6.470000e-02 
   7.839000e-01    4.377500e-01    4.115000e-02    6.746000e-01    2.843500e-01    2.135000e-02    6.085000e-02    2.034900e+00    2.000350e+00    9.626000e-01    7.280500e-01    3.844500e-01    2.405000e-02    1.162950e+00    6.774500e-01    2.329000e-01    1.095000e-02    1.971550e+00    6.635000e-02 
   7.870500e-01    4.434500e-01    4.205000e-02    6.780500e-01    2.878500e-01    2.195000e-02    6.165000e-02    2.084450e+00    2.004550e+00    9.739500e-01    7.452000e-01    4.046000e-01    2.570000e-02    1.179400e+00    6.960000e-01    2.464500e-01    1.240000e-02    2.017950e+00    6.955000e-02 
   7.909500e-01    4.492500e-01    4.300000e-02    6.814000e-01    2.919000e-01    2.255000e-02    6.190000e-02    2.165100e+00    2.019750e+00    9.924000e-01    7.722500e-01    4.361500e-01    3.045000e-02    1.204900e+00    7.284500e-01    2.688500e-01    1.370000e-02    2.093450e+00    7.475000e-02 
   7.945000e-01    4.543000e-01    4.415000e-02    6.847000e-01    2.954500e-01    2.290000e-02    6.270000e-02    2.283850e+00    2.055400e+00    1.015450e+00    8.135000e-01    4.868000e-01    3.615000e-02    1.242050e+00    7.758500e-01    3.020000e-01    1.615000e-02    2.204300e+00    8.280000e-02 
   7.980500e-01    4.588500e-01    4.485000e-02    6.879000e-01    2.995500e-01    2.355000e-02    6.315000e-02    2.424200e+00    2.121000e+00    1.043150e+00    8.634000e-01    5.456500e-01    4.225000e-02    1.285150e+00    8.298000e-01    3.434000e-01    2.020000e-02    2.336150e+00    9.130000e-02 
   8.012000e-01    4.648500e-01    4.570000e-02    6.912500e-01    3.038000e-01    2.405000e-02    6.375000e-02    2.570950e+00    2.222550e+00    1.072550e+00    9.138000e-01    6.096500e-01    4.860000e-02    1.330950e+00    8.879500e-01    3.846500e-01    2.465000e-02    2.473900e+00    1.006500e-01 
   8.047000e-01    4.702500e-01    4.670000e-02    6.952500e-01    3.080500e-01    2.455000e-02    6.470000e-02    2.712000e+00    2.350550e+00    1.100500e+00    9.619000e-01    6.715500e-01    5.515000e-02    1.372750e+00    9.463500e-01    4.250000e-01    2.825000e-02    2.606450e+00    1.095500e-01 
   8.078000e-01    4.760500e-01    4.770000e-02    6.982500e-01    3.121500e-01    2.500000e-02    6.560000e-02    2.830800e+00    2.497700e+00    1.123200e+00    1.001650e+00    7.260500e-01    6.095000e-02    1.408050e+00    9.945000e-01    4.604500e-01    3.095000e-02    2.716800e+00    1.183500e-01 
   8.106000e-01    4.812500e-01    4.865000e-02    7.016500e-01    3.154000e-01    2.550000e-02    6.630000e-02    2.915300e+00    2.643750e+00    1.139150e+00    1.031050e+00    7.630000e-01    6.560000e-02    1.435150e+00    1.026350e+00    4.859000e-01    3.320000e-02    2.795500e+00    1.243500e-01 
   8.132000e-01    4.863000e-01    4.960000e-02    7.054000e-01    3.195000e-01    2.635000e-02    6.715000e-02    2.965350e+00    2.775600e+00    1.148900e+00    1.048850e+00    7.846000e-01    6.840000e-02    1.451200e+00    1.045950e+00    5.010500e-01    3.440000e-02    2.842350e+00    1.278500e-01 
   8.166000e-01    4.911000e-01    5.080000e-02    7.092000e-01    3.234000e-01    2.695000e-02    6.770000e-02    2.988500e+00    2.877000e+00    1.152600e+00    1.057450e+00    7.953500e-01    6.940000e-02    1.458100e+00    1.055950e+00    5.082000e-01    3.515000e-02    2.864150e+00    1.292500e-01 
   8.189500e-01    4.954500e-01    5.210000e-02    7.119000e-01    3.280500e-01    2.785000e-02    6.840000e-02    2.998600e+00    2.942550e+00    1.154700e+00    1.061400e+00    7.989500e-01    7.030000e-02    1.460800e+00    1.059850e+00    5.123000e-01    3.545000e-02    2.873600e+00    1.299500e-01 
   8.218000e-01    5.007500e-01    5.325000e-02    7.155000e-01    3.319500e-01    2.880000e-02    6.870000e-02    3.000000e+00    2.979750e+00    1.155100e+00    1.061900e+00    7.998000e-01    7.065000e-02    1.461100e+00    1.060850e+00    5.128000e-01    3.550000e-02    2.874850e+00    1.301000e-01 
   8.240500e-01    5.055500e-01    5.440000e-02    7.190000e-01    3.364500e-01    2.960000e-02    6.905000e-02    3.000000e+00    2.995100e+00    1.155100e+00    1.061950e+00    7.999500e-01    7.065000e-02    1.461100e+00    1.060900e+00    5.128000e-01    3.550000e-02    2.874850e+00    1.301000e-01 
   8.263500e-01    5.105000e-01    5.565000e-02    7.228500e-01    3.396500e-01    3.025000e-02    7.000000e-02    3.000000e+00    2.999850e+00    1.155100e+00    1.061950e+00    7.999500e-01    7.065000e-02    1.461100e+00    1.060900e+00    5.128000e-01    3.550000e-02    2.874850e+00    1.301000e-01 
   8.290000e-01    5.155500e-01    5.655000e-02    7.263500e-01    3.446500e-01    3.100000e-02    7.055000e-02    3.000000e+00    3.000000e+00    1.155100e+00    1.061950e+00    7.999500e-01    7.065000e-02    1.461100e+00    1.060900e+00    5.128000e-01    3.550000e-02    2.874850e+00    1.301000e-01 
   8.326000e-01    5.201000e-01    5.755000e-02    7.288500e-01    3.487000e-01    3.185000e-02    7.175000e-02    3.000000e+00    3.000000e+00    1.155100e+00    1.061950e+00    7.999500e-01    7.065000e-02    1.461100e+00    1.060900e+00    5.128000e-01    3.550000e-02    2.874850e+00    1.301000e-01 
   8.353500e-01    5.243500e-01    5.885000e-02    7.326000e-01    3.532000e-01    3.245000e-02    7.215000e-02    3.000000e+00    3.000000e+00    1.155100e+00    1.061950e+00    7.999500e-01    7.065000e-02    1.461100e+00    1.060900e+00    5.128000e-01    3.550000e-02    2.874850e+00    1.301000e-01 
   8.380000e-01    5.289000e-01    6.010000e-02    7.356000e-01    3.568000e-01    3.335000e-02    7.265000e-02    3.000000e+00    3.000000e+00    1.155100e+00    1.061950e+00    7.999500e-01    7.065000e-02    1.461100e+00    1.060900e+00    5.128000e-01    3.550000e-02    2.874850e+00    1.301000e-01 
   8.399500e-01    5.330500e-01    6.160000e-02    7.384500e-01    3.609500e-01    3.415000e-02    7.315000e-02    3.000000e+00    3.000000e+00    1.155100e+00    1.061950e+00    7.999500e-01    7.065000e-02    1.461100e+00    1.060900e+00    5.128000e-01    3.550000e-02    2.874850e+00    1.301000e-01 
   8.423000e-01    5.370500e-01    6.300000e-02    7.414500e-01    3.653500e-01    3.490000e-02    7.355000e-02    3.000000e+00    3.000000e+00    1.155100e+00    1.061950e+00    7.999500e-01    7.065000e-02    1.461100e+00    1.060900e+00    5.128000e-01    3.550000e-02    2.874850e+00    1.301000e-01 
   8.443500e-01    5.412500e-01    6.405000e-02    7.442000e-01    3.688500e-01    3.565000e-02    7.420000e-02    3.000000e+00    3.000000e+00    1.155100e+00    1.061950e+00    7.999500e-01    7.065000e-02    1.461100e+00    1.060900e+00    5.128000e-01    3.550000e-02    2.874850e+00    1.301000e-01 
   8.467500e-01    5.467500e-01    6.515000e-02    7.476000e-01    3.728000e-01    3.645000e-02    7.500000e-02    3.000000e+00    3.000000e+00    1.155100e+00    1.061950e+00    7.999500e-01    7.065000e-02    1.461100e+00    1.060900e+00    5.128000e-01    3.550000e-02    2.874850e+00    1.301000e-01 
   8.490000e-01    5.505000e-01    6.660000e-02    7.506000e-01    3.768000e-01    3.780000e-02    7.550000e-02    3.000000e+00    3.000000e+00    1.155100e+00    1.061950e+00    7.999500e-01    7.065000e-02    1.461100e+00    1.060900e+00    5.128000e-01    3.550000e-02    2.874850e+00    1.301000e-01 
   8.516500e-01    5.543000e-01    6.770000e-02    7.536000e-01    3.807000e-01    3.835000e-02    7.630000e-02    3.000000e+00    3.000000e+00    1.155100e+00    1.061950e+00    7.999500e-01    7.065000e-02    1.461100e+00    1.060900e+00    5.128000e-01    3.550000e-02    2.874850e+00    1.301000e-01 
   8.541000e-01    5.581500e-01    6.885000e-02    7.573500e-01    3.845000e-01    3.900000e-02    7.695000e-02    3.000000e+00    3.000000e+00    1.155100e+00    1.061950e+00    7.999500e-01    7.065000e-02    1.461100e+00    1.060900e+00    5.128000e-01    3.550000e-02    2.874850e+00    1.301000e-01 
   8.564000e-01    5.621000e-01    7.010000e-02    7.606000e-01    3.882000e-01    3.990000e-02    7.755000e-02    3.000000e+00    3.000000e+00    1.155100e+00    1.061950e+00    7.999500e-01    7.065000e-02    1.461100e+00    1.060900e+00    5.128000e-01    3.550000e-02    2.874850e+00    1.301000e-01 
   8.585000e-01    5.672000e-01    7.140000e-02    7.633500e-01    3.914500e-01    4.040000e-02    7.795000e-02    3.000000e+00    3.000000e+00    1.155100e+00    1.061950e+00    7.999500e-01    7.065000e-02    1.461100e+00    1.060900e+00    5.128000e-01    3.550000e-02    2.874850e+00    1.301000e-01 
   8.606500e-01    5.715000e-01    7.230000e-02    7.660500e-01    3.955000e-01    4.160000e-02    7.845000e-02    3.000000e+00    3.000000e+00    1.155100e+00    1.061950e+00    7.999500e-01    7.065000e-02    1.461100e+00    1.060900e+00    5.128000e-01    3.550000e-02    2.874850e+00    1.301000e-01 
   8.629000e-01    5.757000e-01    7.320000e-02    7.686000e-01    3.985000e-01    4.230000e-02    7.885000e-02    3.000000e+00    3.000000e+00    1.155100e+00    1.061950e+00    7.999500e-01    7.065000e-02    1.461100e+00    1.060900e+00    5.128000e-01    3.550000e-02    2.874850e+00    1.301000e-01 
   8.650000e-01    5.806500e-01    7.475000e-02    7.712000e-01    4.020500e-01    4.315000e-02    7.950000e-02    3.000000e+00    3.000000e+00    1.155100e+00    1.061950e+00    7.999500e-01    7.065000e-02    1.461100e+00    1.060900e+00    5.128000e-01    3.550000e-02    2.874850e+00    1.301000e-01 
   8.669000e-01    5.850000e-01    7.620000e-02    7.739500e-01    4.058000e-01    4.410000e-02    8.000000e-02    3.000300e+00    3.000000e+00    1.155100e+00    1.062000e+00    8.001500e-01    7.070000e-02    1.461250e+00    1.060950e+00    5.129000e-01    3.550000e-02    2.875150e+00    1.301000e-01 
   8.688500e-01    5.892000e-01    7.730000e-02    7.769000e-01    4.086500e-01    4.475000e-02    8.065000e-02    3.002300e+00    3.000000e+00    1.155650e+00    1.062550e+00    8.009500e-01    7.080000e-02    1.461550e+00    1.062050e+00    5.134500e-01    3.555000e-02    2.877000e+00    1.302500e-01 
   8.710500e-01    5.934500e-01    7.865000e-02    7.800000e-01    4.121500e-01    4.565000e-02    8.125000e-02    3.008950e+00    3.000050e+00    1.156550e+00    1.064350e+00    8.043000e-01    7.140000e-02    1.462900e+00    1.064200e+00    5.163500e-01    3.585000e-02    2.883150e+00    1.307500e-01 
   8.730000e-01    5.973000e-01    7.980000e-02    7.819500e-01    4.156000e-01    4.615000e-02    8.210000e-02    3.026450e+00    3.000950e+00    1.158800e+00    1.069100e+00    8.136500e-01    7.260000e-02    1.466700e+00    1.070850e+00    5.227000e-01    3.670000e-02    2.899250e+00    1.321500e-01 
   8.750500e-01    6.021500e-01    8.115000e-02    7.847000e-01    4.187500e-01    4.690000e-02    8.245000e-02    3.060450e+00    3.004700e+00    1.163150e+00    1.077950e+00    8.320000e-01    7.520000e-02    1.474800e+00    1.082900e+00    5.356000e-01    3.785000e-02    2.930450e+00    1.349500e-01 
   8.775000e-01    6.058500e-01    8.235000e-02    7.877500e-01    4.237000e-01    4.795000e-02    8.315000e-02    3.116000e+00    3.016050e+00    1.170050e+00    1.091950e+00    8.620500e-01    8.020000e-02    1.486050e+00    1.104000e+00    5.571000e-01    4.040000e-02    2.981200e+00    1.397500e-01 
   8.796500e-01    6.094500e-01    8.365000e-02    7.904000e-01    4.270000e-01    4.865000e-02    8.355000e-02    3.198550e+00    3.041450e+00    1.180500e+00    1.115200e+00    9.048000e-01    8.705000e-02    1.503700e+00    1.133250e+00    5.890500e-01    4.470000e-02    3.057200e+00    1.463500e-01 
   8.813500e-01    6.138000e-01    8.520000e-02    7.928500e-01    4.299500e-01    4.955000e-02    8.435000e-02    3.305150e+00    3.083650e+00    1.194000e+00    1.143750e+00    9.613000e-01    9.630000e-02    1.526750e+00    1.171700e+00    6.299000e-01    5.025000e-02    3.154900e+00    1.554000e-01 
   8.833000e-01    6.174500e-01    8.665000e-02    7.953500e-01    4.341500e-01    5.050000e-02    8.515000e-02    3.433350e+00    3.154300e+00    1.208200e+00    1.177950e+00    1.031500e+00    1.075500e-01    1.552500e+00    1.218850e+00    6.803000e-01    5.710000e-02    3.272050e+00    1.665500e-01 
   8.851500e-01    6.212500e-01    8.785000e-02    7.971000e-01    4.385500e-01    5.095000e-02    8.535000e-02    3.564650e+00    3.251300e+00    1.222300e+00    1.211250e+00    1.104650e+00    1.202000e-01    1.578650e+00    1.267800e+00    7.319500e-01    6.355000e-02    3.392500e+00    1.774500e-01 
   8.872000e-01    6.251500e-01    8.875000e-02    7.995500e-01    4.426000e-01    5.205000e-02    8.560000e-02    3.687700e+00    3.366550e+00    1.236000e+00    1.245300e+00    1.171150e+00    1.304000e-01    1.603950e+00    1.313050e+00    7.793000e-01    7.125000e-02    3.504450e+00    1.886000e-01 
   8.892000e-01    6.287000e-01    8.965000e-02    8.016500e-01    4.464000e-01    5.260000e-02    8.640000e-02    3.795650e+00    3.499150e+00    1.248500e+00    1.275200e+00    1.229750e+00    1.394000e-01    1.625100e+00    1.352150e+00    8.223000e-01    7.800000e-02    3.603200e+00    1.979000e-01 
   8.913000e-01    6.326500e-01    9.130000e-02    8.044500e-01    4.501500e-01    5.330000e-02    8.715000e-02    3.876700e+00    3.625750e+00    1.257300e+00    1.296400e+00    1.274950e+00    1.473500e-01    1.640450e+00    1.382250e+00    8.561000e-01    8.155000e-02    3.677500e+00    2.048500e-01 
   8.935000e-01    6.352500e-01    9.245000e-02    8.064500e-01    4.537500e-01    5.445000e-02    8.785000e-02    3.936900e+00    3.742100e+00    1.263450e+00    1.313750e+00    1.307100e+00    1.536000e-01    1.652400e+00    1.405100e+00    8.799000e-01    8.480000e-02    3.732450e+00    2.103000e-01 
   8.950000e-01    6.391500e-01    9.355000e-02    8.092000e-01    4.571000e-01    5.535000e-02    8.815000e-02    3.971450e+00    3.837550e+00    1.267500e+00    1.322300e+00    1.326550e+00    1.572500e-01    1.659400e+00    1.417000e+00    8.948500e-01    8.675000e-02    3.763700e+00    2.136000e-01 
   8.963500e-01    6.427000e-01    9.485000e-02    8.114500e-01    4.603500e-01    5.610000e-02    8.860000e-02    3.989750e+00    3.910700e+00    1.269200e+00    1.327750e+00    1.336100e+00    1.593000e-01    1.663300e+00    1.423550e+00    9.025000e-01    8.780000e-02    3.780550e+00    2.151000e-01 
   8.980500e-01    6.467000e-01    9.665000e-02    8.136500e-01    4.645000e-01    5.695000e-02    8.930000e-02    3.997600e+00    3.956600e+00    1.270300e+00    1.329950e+00    1.339650e+00    1.605500e-01    1.664700e+00    1.425850e+00    9.065500e-01    8.825000e-02    3.787600e+00    2.159500e-01 
   8.998000e-01    6.498500e-01    9.810000e-02    8.153000e-01    4.675000e-01    5.755000e-02    8.975000e-02    3.999550e+00    3.982300e+00    1.270550e+00    1.330550e+00    1.340750e+00    1.610000e-01    1.665000e+00    1.426450e+00    9.076500e-01    8.830000e-02    3.789250e+00    2.162500e-01 
   9.016000e-01    6.536500e-01    9.915000e-02    8.174000e-01    4.710500e-01    5.850000e-02    9.035000e-02    4.000000e+00    3.994000e+00    1.270700e+00    1.330650e+00    1.341000e+00    1.611000e-01    1.665150e+00    1.426550e+00    9.079000e-01    8.830000e-02    3.789650e+00    2.163000e-01 
   9.029500e-01    6.568000e-01    1.004500e-01    8.192500e-01    4.746000e-01    5.925000e-02    9.090000e-02    4.000000e+00    3.999150e+00    1.270700e+00    1.330650e+00    1.341000e+00    1.611000e-01    1.665150e+00    1.426550e+00    9.079000e-01    8.830000e-02    3.789650e+00    2.163000e-01 
   9.045000e-01    6.608500e-01    1.019000e-01    8.208500e-01    4.779500e-01    6.010000e-02    9.150000e-02    4.000000e+00    4.000000e+00    1.270700e+00    1.330650e+00    1.341000e+00    1.611000e-01    1.665150e+00    1.426550e+00    9.079000e-01    8.830000e-02    3.789650e+00    2.163000e-01 
   9.061500e-01    6.644500e-01    1.033000e-01    8.228000e-01    4.806000e-01    6.140000e-02    9.170000e-02    4.000000e+00    4.000000e+00    1.270700e+00    1.330650e+00    1.341000e+00    1.611000e-01    1.665150e+00    1.426550e+00    9.079000e-01    8.830000e-02    3.789650e+00    2.163000e-01 
   9.075500e-01    6.681500e-01    1.048500e-01    8.244500e-01    4.844000e-01    6.210000e-02    9.215000e-02    4.000000e+00    4.000000e+00    1.270700e+00    1.330650e+00    1.341000e+00    1.611000e-01    1.665150e+00    1.426550e+00    9.079000e-01    8.830000e-02    3.789650e+00    2.163000e-01 
   9.094000e-01    6.717000e-01    1.060000e-01    8.263000e-01    4.880000e-01    6.300000e-02    9.295000e-02    4.000000e+00    4.000000e+00    1.270700e+00    1.330650e+00    1.341000e+00    1.611000e-01    1.665150e+00    1.426550e+00    9.079000e-01    8.830000e-02    3.789650e+00    2.163000e-01 
   9.106000e-01    6.753000e-01    1.074500e-01    8.283500e-01    4.912000e-01    6.395000e-02    9.355000e-02    4.000000e+00    4.000000e+00    1.270700e+00    1.330650e+00    1.341000e+00    1.611000e-01    1.665150e+00    1.426550e+00    9.079000e-01    8.830000e-02    3.789650e+00    2.163000e-01 
   9.119000e-01    6.779500e-01    1.091000e-01    8.305500e-01    4.945500e-01    6.470000e-02    9.415000e-02    4.000000e+00    4.000000e+00    1.270700e+00    1.330650e+00    1.341000e+00    1.611000e-01    1.665150e+00    1.426550e+00    9.079000e-01    8.830000e-02    3.789650e+00    2.163000e-01 
   9.136500e-01    6.821000e-01    1.102000e-01    8.324000e-01    4.978500e-01    6.555000e-02    9.500000e-02    4.000000e+00    4.000000e+00    1.270700e+00    1.330650e+00    1.341000e+00    1.611000e-01    1.665150e+00    1.426550e+00    9.079000e-01    8.830000e-02    3.789650e+00    2.163000e-01 
   9.150500e-01    6.860000e-01    1.112000e-01    8.345000e-01    5.014500e-01    6.635000e-02    9.565000e-02    4.000000e+00    4.000000e+00    1.270700e+00    1.330650e+00    1.341000e+00    1.611000e-01    1.665150e+00    1.426550e+00    9.079000e-01    8.830000e-02    3.789650e+00    2.163000e-01 
   9.169000e-01    6.895000e-01    1.128500e-01    8.361500e-01    5.063000e-01    6.735000e-02    9.650000e-02    4.000000e+00    4.000000e+00    1.270700e+00    1.330650e+00    1.341000e+00    1.611000e-01    1.665150e+00    1.426550e+00    9.079000e-01    8.830000e-02    3.789650e+00    2.163000e-01 
   9.182000e-01    6.922500e-01    1.141500e-01    8.377500e-01    5.099000e-01    6.820000e-02    9.740000e-02    4.000000e+00    4.000000e+00    1.270700e+00    1.330650e+00    1.341000e+00    1.611000e-01    1.665150e+00    1.426550e+00    9.079000e-01    8.830000e-02    3.789650e+00    2.163000e-01 
   9.197000e-01    6.956500e-01    1.153000e-01    8.398500e-01    5.133000e-01    6.915000e-02    9.795000e-02    4.000000e+00    4.000000e+00    1.270700e+00    1.330650e+00    1.341000e+00    1.611000e-01    1.665150e+00    1.426550e+00    9.079000e-01    8.830000e-02    3.789650e+00    2.163000e-01 
   9.210000e-01    6.988500e-01    1.171500e-01    8.412500e-01    5.168000e-01    7.010000e-02    9.880000e-02    4.000000e+00    4.000000e+00    1.270700e+00    1.330650e+00    1.341000e+00    1.611000e-01    1.665150e+00    1.426550e+00    9.079000e-01    8.830000e-02    3.789650e+00    2.163000e-01 
   9.224000e-01    7.019500e-01    1.190500e-01    8.426000e-01    5.200500e-01    7.120000e-02    9.915000e-02    4.000000e+00    4.000000e+00    1.270700e+00    1.330650e+00    1.341000e+00    1.611000e-01    1.665150e+00    1.426550e+00    9.079000e-01    8.830000e-02    3.789650e+00    2.163000e-01 
   9.235500e-01    7.056000e-01    1.202000e-01    8.443500e-01    5.233000e-01    7.245000e-02    9.985000e-02    4.000050e+00    4.000000e+00    1.270700e+00    1.330650e+00    1.341000e+00    1.611500e-01    1.665150e+00    1.426600e+00    9.079000e-01    8.830000e-02    3.789700e+00    2.163000e-01 
   9.246500e-01    7.095000e-01    1.215000e-01    8.462000e-01    5.260000e-01    7.355000e-02    1.002500e-01    4.000450e+00    4.000000e+00    1.270700e+00    1.330750e+00    1.341300e+00    1.611500e-01    1.665150e+00    1.426750e+00    9.081500e-01    8.830000e-02    3.790100e+00    2.163000e-01 
   9.257500e-01    7.124000e-01    1.231500e-01    8.481500e-01    5.295000e-01    7.445000e-02    1.009000e-01    4.002100e+00    4.000050e+00    1.270950e+00    1.331000e+00    1.342450e+00    1.612000e-01    1.665650e+00    1.427100e+00    9.089000e-01    8.835000e-02    3.791550e+00    2.165000e-01 
   9.270000e-01    7.157500e-01    1.251000e-01    8.498000e-01    5.326500e-01    7.545000e-02    1.011500e-01    4.007650e+00    4.000150e+00    1.271350e+00    1.332500e+00    1.345600e+00    1.617000e-01    1.666450e+00    1.428950e+00    9.114500e-01    8.870000e-02    3.796400e+00    2.172000e-01 
   9.275500e-01    7.190500e-01    1.267500e-01    8.512500e-01    5.362500e-01    7.630000e-02    1.020000e-01    4.020300e+00    4.001000e+00    1.272350e+00    1.334800e+00    1.353750e+00    1.630500e-01    1.668450e+00    1.432850e+00    9.173000e-01    8.980000e-02    3.808150e+00    2.181000e-01 
   9.289000e-01    7.222000e-01    1.281000e-01    8.528000e-01    5.397500e-01    7.715000e-02    1.028500e-01    4.044900e+00    4.004000e+00    1.274200e+00    1.340200e+00    1.367800e+00    1.664500e-01    1.671850e+00    1.440600e+00    9.291000e-01    9.175000e-02    3.830150e+00    2.207000e-01 
   9.298500e-01    7.252500e-01    1.295500e-01    8.544500e-01    5.434500e-01    7.820000e-02    1.033500e-01    4.084500e+00    4.013400e+00    1.277000e+00    1.348100e+00    1.391450e+00    1.721000e-01    1.678150e+00    1.452350e+00    9.482500e-01    9.445000e-02    3.865100e+00    2.254000e-01 
   9.310500e-01    7.279500e-01    1.308000e-01    8.561500e-01    5.460500e-01    7.940000e-02    1.041000e-01    4.143000e+00    4.031150e+00    1.280850e+00    1.360650e+00    1.426100e+00    1.800500e-01    1.686300e+00    1.470700e+00    9.761500e-01    9.885000e-02    3.917250e+00    2.318500e-01 
   9.323000e-01    7.314000e-01    1.322500e-01    8.576000e-01    5.491000e-01    8.105000e-02    1.048000e-01    4.222750e+00    4.061150e+00    1.286800e+00    1.376500e+00    1.474600e+00    1.901000e-01    1.697000e+00    1.496250e+00    1.013500e+00    1.060500e-01    3.988950e+00    2.400000e-01 
   9.330500e-01    7.343500e-01    1.331500e-01    8.590500e-01    5.527500e-01    8.225000e-02    1.056000e-01    4.322450e+00    4.111350e+00    1.293050e+00    1.395650e+00    1.536700e+00    2.029500e-01    1.710800e+00    1.527800e+00    1.060750e+00    1.141500e-01    4.077550e+00    2.513000e-01 
   9.339000e-01    7.375500e-01    1.346500e-01    8.609500e-01    5.552000e-01    8.350000e-02    1.063000e-01    4.437000e+00    4.178400e+00    1.300000e+00    1.417850e+00    1.607800e+00    2.187000e-01    1.728200e+00    1.562450e+00    1.115550e+00    1.231500e-01    4.180750e+00    2.627500e-01 
   9.349000e-01    7.405000e-01    1.362500e-01    8.630500e-01    5.578000e-01    8.470000e-02    1.069000e-01    4.558750e+00    4.269300e+00    1.308050e+00    1.441650e+00    1.682100e+00    2.358500e-01    1.745000e+00    1.600150e+00    1.173000e+00    1.345500e-01    4.289050e+00    2.762500e-01 
   9.360000e-01    7.437000e-01    1.379000e-01    8.652500e-01    5.613500e-01    8.535000e-02    1.075500e-01    4.671600e+00    4.379000e+00    1.315450e+00    1.462800e+00    1.751900e+00    2.516500e-01    1.760250e+00    1.635100e+00    1.226650e+00    1.456000e-01    4.390050e+00    2.883000e-01 
   9.371500e-01    7.463500e-01    1.397000e-01    8.667500e-01    5.646000e-01    8.635000e-02    1.084000e-01    4.770700e+00    4.496950e+00    1.321800e+00    1.482250e+00    1.811450e+00    2.669500e-01    1.772450e+00    1.665050e+00    1.275800e+00    1.547000e-01    4.478500e+00    2.991500e-01 
   9.379500e-01    7.494500e-01    1.415000e-01    8.682500e-01    5.680000e-01    8.745000e-02    1.089000e-01    4.851850e+00    4.616700e+00    1.327400e+00    1.498250e+00    1.861800e+00    2.777000e-01    1.783650e+00    1.690750e+00    1.313600e+00    1.626000e-01    4.550700e+00    3.084000e-01 
   9.389000e-01    7.518000e-01    1.430500e-01    8.696500e-01    5.719000e-01    8.835000e-02    1.095000e-01    4.910100e+00    4.722600e+00    1.330800e+00    1.510600e+00    1.897650e+00    2.853000e-01    1.791650e+00    1.707650e+00    1.343500e+00    1.669000e-01    4.602900e+00    3.146000e-01 
   9.399500e-01    7.547500e-01    1.445000e-01    8.713500e-01    5.748000e-01    8.920000e-02    1.100000e-01    4.952200e+00    4.815150e+00    1.332950e+00    1.518050e+00    1.924050e+00    2.918500e-01    1.796750e+00    1.721400e+00    1.364400e+00    1.701000e-01    4.640700e+00    3.189500e-01 
   9.408000e-01    7.582000e-01    1.455000e-01    8.726000e-01    5.776500e-01    8.995000e-02    1.104500e-01    4.978300e+00    4.885150e+00    1.334800e+00    1.523850e+00    1.938750e+00    2.962000e-01    1.799950e+00    1.729200e+00    1.377750e+00    1.724500e-01    4.663850e+00    3.220000e-01 
   9.416000e-01    7.605500e-01    1.473000e-01    8.743500e-01    5.803500e-01    9.115000e-02    1.111500e-01    4.991700e+00    4.933500e+00    1.335450e+00    1.526200e+00    1.947600e+00    2.982500e-01    1.801750e+00    1.733050e+00    1.384850e+00    1.736500e-01    4.675550e+00    3.238000e-01 
   9.428000e-01    7.639000e-01    1.486500e-01    8.759000e-01    5.832000e-01    9.205000e-02    1.118000e-01    4.997300e+00    4.968450e+00    1.335800e+00    1.527600e+00    1.950450e+00    2.994500e-01    1.802650e+00    1.734700e+00    1.387450e+00    1.742000e-01    4.680450e+00    3.245000e-01 
   9.439000e-01    7.665000e-01    1.499500e-01    8.777000e-01    5.862500e-01    9.290000e-02    1.127000e-01    4.999450e+00    4.986000e+00    1.335950e+00    1.527900e+00    1.951750e+00    3.000000e-01    1.802800e+00    1.735500e+00    1.388600e+00    1.744500e-01    4.682400e+00    3.247500e-01 
   9.447500e-01    7.690500e-01    1.514000e-01    8.794000e-01    5.885000e-01    9.395000e-02    1.133000e-01    4.999900e+00    4.995300e+00    1.336000e+00    1.527950e+00    1.952000e+00    3.001000e-01    1.802800e+00    1.735700e+00    1.388900e+00    1.744500e-01    4.682850e+00    3.247500e-01 
   9.455000e-01    7.714500e-01    1.525000e-01    8.804000e-01    5.911500e-01    9.500000e-02    1.138500e-01    5.000000e+00    4.998550e+00    1.336050e+00    1.527950e+00    1.952050e+00    3.001000e-01    1.802800e+00    1.735750e+00    1.388950e+00    1.745000e-01    4.682950e+00    3.247500e-01 
   9.464500e-01    7.738500e-01    1.543000e-01    8.816500e-01    5.939500e-01    9.610000e-02    1.143500e-01    5.000000e+00    4.999750e+00    1.336050e+00    1.527950e+00    1.952050e+00    3.001000e-01    1.802800e+00    1.735750e+00    1.388950e+00    1.745000e-01    4.682950e+00    3.247500e-01 
   9.472000e-01    7.763000e-01    1.560500e-01    8.832000e-01    5.964500e-01    9.720000e-02    1.148500e-01    5.000000e+00    4.999950e+00    1.336050e+00    1.527950e+00    1.952050e+00    3.001000e-01    1.802800e+00    1.735750e+00    1.388950e+00    1.745000e-01    4.682950e+00    3.247500e-01 
   9.484000e-01    7.790000e-01    1.572000e-01    8.842500e-01    5.995000e-01    9.840000e-02    1.153000e-01    5.000000e+00    5.000000e+00    1.336050e+00    1.527950e+00    1.952050e+00    3.001000e-01    1.802800e+00    1.735750e+00    1.388950e+00    1.745000e-01    4.682950e+00    3.247500e-01 
   9.489000e-01    7.815000e-01    1.587500e-01    8.854000e-01    6.020000e-01    9.910000e-02    1.157500e-01    5.000000e+00    5.000000e+00    1.336050e+00    1.527950e+00    1.952050e+00    3.001000e-01    1.802800e+00    1.735750e+00    1.388950e+00    1.745000e-01    4.682950e+00    3.247500e-01 
   9.494500e-01    7.849000e-01    1.602500e-01    8.867000e-01    6.051500e-01    1.003500e-01    1.161000e-01    5.000000e+00    5.000000e+00    1.336050e+00    1.527950e+00    1.952050e+00    3.001000e-01    1.802800e+00    1.735750e+00    1.388950e+00    1.745000e-01    4.682950e+00    3.247500e-01 
   9.501000e-01    7.871000e-01    1.615500e-01    8.879500e-01    6.078500e-01    1.014500e-01    1.168000e-01    5.000000e+00    5.000000e+00    1.336050e+00    1.527950e+00    1.952050e+00    3.001000e-01    1.802800e+00    1.735750e+00    1.388950e+00    1.745000e-01    4.682950e+00    3.247500e-01 
   9.509500e-01    7.897000e-01    1.627500e-01    8.891500e-01    6.111000e-01    1.025000e-01    1.173000e-01    5.000000e+00    5.000000e+00    1.336050e+00    1.527950e+00    1.952050e+00    3.001000e-01    1.802800e+00    1.735750e+00    1.388950e+00    1.745000e-01    4.682950e+00    3.247500e-01 
   9.518000e-01    7.922500e-01    1.636500e-01    8.904000e-01    6.147500e-01    1.036500e-01    1.180500e-01    5.000000e+00    5.000000e+00    1.336050e+00    1.527950e+00    1.952050e+00    3.001000e-01    1.802800e+00    1.735750e+00    1.388950e+00    1.745000e-01    4.682950e+00    3.247500e-01 
   9.524000e-01    7.947500e-01    1.646500e-01    8.919000e-01    6.174000e-01    1.045500e-01    1.185000e-01    5.000000e+00    5.000000e+00    1.336050e+00    1.527950e+00    1.952050e+00    3.001000e-01    1.802800e+00    1.735750e+00    1.388950e+00    1.745000e-01    4.682950e+00    3.247500e-01 
   9.530500e-01    7.976000e-01    1.661500e-01    8.932500e-01    6.199000e-01    1.059000e-01    1.190000e-01    5.000000e+00    5.000000e+00    1.336050e+00    1.527950e+00    1.952050e+00    3.001000e-01    1.802800e+00    1.735750e+00    1.388950e+00    1.745000e-01    4.682950e+00    3.247500e-01 
   9.539000e-01    8.000500e-01    1.676000e-01    8.945000e-01    6.227500e-01    1.071000e-01    1.196000e-01    5.000050e+00    5.000000e+00    1.336050e+00    1.527950e+00    1.952050e+00    3.001500e-01    1.802800e+00    1.735800e+00    1.388950e+00    1.745000e-01    4.683000e+00    3.247500e-01 
   9.545500e-01    8.025500e-01    1.694500e-01    8.957500e-01    6.253000e-01    1.082500e-01    1.201500e-01    5.000150e+00    5.000000e+00    1.336050e+00    1.528000e+00    1.952100e+00    3.001500e-01    1.802800e+00    1.735850e+00    1.389000e+00    1.745000e-01    4.683100e+00    3.247500e-01 
   9.553000e-01    8.049500e-01    1.712000e-01    8.968000e-01    6.287500e-01    1.097000e-01    1.209000e-01    5.000700e+00    5.000050e+00    1.336150e+00    1.528100e+00    1.952450e+00    3.001500e-01    1.802950e+00    1.735850e+00    1.389300e+00    1.746000e-01    4.683600e+00    3.248000e-01 
   9.561000e-01    8.071000e-01    1.725000e-01    8.978000e-01    6.313000e-01    1.110000e-01    1.213000e-01    5.002200e+00    5.000050e+00    1.336200e+00    1.528350e+00    1.953600e+00    3.002000e-01    1.803000e+00    1.736150e+00    1.390400e+00    1.746500e-01    4.684950e+00    3.249500e-01 
   9.564500e-01    8.096500e-01    1.739000e-01    8.984500e-01    6.338000e-01    1.123500e-01    1.218000e-01    5.006450e+00    5.000450e+00    1.336400e+00    1.528900e+00    1.956550e+00    3.007500e-01    1.803400e+00    1.737250e+00    1.392650e+00    1.751500e-01    4.688600e+00    3.255500e-01 
   9.573500e-01    8.118500e-01    1.755000e-01    8.996000e-01    6.368000e-01    1.138000e-01    1.221000e-01    5.015000e+00    5.001350e+00    1.336600e+00    1.530450e+00    1.961950e+00    3.021500e-01    1.804300e+00    1.739600e+00    1.396950e+00    1.762000e-01    4.696100e+00    3.266000e-01 
   9.580000e-01    8.143000e-01    1.772000e-01    9.005500e-01    6.401500e-01    1.144500e-01    1.227000e-01    5.032400e+00    5.003950e+00    1.337350e+00    1.533100e+00    1.973050e+00    3.051500e-01    1.806100e+00    1.744350e+00    1.405900e+00    1.782500e-01    4.711050e+00    3.290500e-01 
   9.590500e-01    8.167500e-01    1.789500e-01    9.014500e-01    6.429500e-01    1.153500e-01    1.235000e-01    5.061700e+00    5.010200e+00    1.338200e+00    1.537750e+00    1.991250e+00    3.111000e-01    1.808800e+00    1.752650e+00    1.421350e+00    1.813000e-01    4.736650e+00    3.327500e-01 
   9.596000e-01    8.188500e-01    1.806000e-01    9.026500e-01    6.459000e-01    1.165000e-01    1.241500e-01    5.102900e+00    5.022050e+00    1.340500e+00    1.544600e+00    2.016000e+00    3.186000e-01    1.812550e+00    1.763850e+00    1.443600e+00    1.857500e-01    4.772700e+00    3.379500e-01 
   9.602000e-01    8.215000e-01    1.822000e-01    9.035500e-01    6.483000e-01    1.178500e-01    1.248000e-01    5.163800e+00    5.045600e+00    1.343150e+00    1.553000e+00    2.055900e+00    3.290000e-01    1.818850e+00    1.778450e+00    1.476300e+00    1.933000e-01    4.825550e+00    3.460500e-01 
   9.607500e-01    8.232000e-01    1.837000e-01    9.046000e-01    6.512000e-01    1.190000e-01    1.253000e-01    5.242650e+00    5.081200e+00    1.346450e+00    1.563450e+00    2.107500e+00    3.430000e-01    1.826700e+00    1.798100e+00    1.518950e+00    2.027000e-01    4.894500e+00    3.560000e-01 
   9.612500e-01    8.254000e-01    1.852000e-01    9.054000e-01    6.544000e-01    1.202000e-01    1.259500e-01    5.334350e+00    5.131700e+00    1.350250e+00    1.575650e+00    2.166400e+00    3.607000e-01    1.834750e+00    1.821800e+00    1.569150e+00    2.133500e-01    4.974000e+00    3.683000e-01 
   9.617500e-01    8.273500e-01    1.869000e-01    9.065500e-01    6.573000e-01    1.218500e-01    1.265500e-01    5.438900e+00    5.200400e+00    1.354050e+00    1.589350e+00    2.234150e+00    3.809000e-01    1.845350e+00    1.848700e+00    1.623450e+00    2.269500e-01    5.066500e+00    3.806000e-01 
   9.621000e-01    8.287500e-01    1.887000e-01    9.078000e-01    6.598000e-01    1.229500e-01    1.272000e-01    5.550200e+00    5.286200e+00    1.357700e+00    1.603950e+00    2.305400e+00    4.039000e-01    1.854700e+00    1.876800e+00    1.683250e+00    2.421000e-01    5.163900e+00    3.947000e-01 
   9.627000e-01    8.307500e-01    1.906500e-01    9.089000e-01    6.625500e-01    1.242500e-01    1.277000e-01    5.655800e+00    5.384550e+00    1.362300e+00    1.618900e+00    2.373450e+00    4.229500e-01    1.864550e+00    1.902300e+00    1.742250e+00    2.549000e-01    5.255200e+00    4.091000e-01 
   9.630000e-01    8.325000e-01    1.919500e-01    9.098500e-01    6.650500e-01    1.256500e-01    1.281000e-01    5.751200e+00    5.492300e+00    1.365150e+00    1.630300e+00    2.437150e+00    4.416000e-01    1.872850e+00    1.926100e+00    1.794000e+00    2.675000e-01    5.337600e+00    4.222000e-01 
   9.631500e-01    8.343500e-01    1.934500e-01    9.104500e-01    6.669000e-01    1.269000e-01    1.287000e-01    5.833250e+00    5.604300e+00    1.368150e+00    1.641700e+00    2.490850e+00    4.563500e-01    1.880750e+00    1.946000e+00    1.837850e+00    2.791000e-01    5.410500e+00    4.313500e-01 
   9.639000e-01    8.366500e-01    1.951500e-01    9.117500e-01    6.697000e-01    1.282500e-01    1.290500e-01    5.894350e+00    5.705700e+00    1.370350e+00    1.649300e+00    2.530250e+00    4.691500e-01    1.885100e+00    1.962350e+00    1.872100e+00    2.865500e-01    5.463600e+00    4.394500e-01 
   9.646000e-01    8.388000e-01    1.970000e-01    9.131000e-01    6.718500e-01    1.294000e-01    1.295500e-01    5.937450e+00    5.794050e+00    1.371900e+00    1.655000e+00    2.558200e+00    4.778500e-01    1.889650e+00    1.971950e+00    1.896400e+00    2.919000e-01    5.501300e+00    4.449500e-01 
   9.651000e-01    8.399000e-01    1.982000e-01    9.140500e-01    6.740500e-01    1.309500e-01    1.301000e-01    5.965250e+00    5.865450e+00    1.372950e+00    1.658400e+00    2.575350e+00    4.844500e-01    1.892650e+00    1.979550e+00    1.911400e+00    2.947500e-01    5.526100e+00    4.480000e-01 
   9.656500e-01    8.417500e-01    2.003000e-01    9.148500e-01    6.765500e-01    1.316000e-01    1.306000e-01    5.983100e+00    5.918300e+00    1.373650e+00    1.660250e+00    2.587200e+00    4.881500e-01    1.894100e+00    1.983950e+00    1.921150e+00    2.971500e-01    5.542000e+00    4.500500e-01 
   9.662500e-01    8.434500e-01    2.019500e-01    9.159000e-01    6.794000e-01    1.325500e-01    1.312500e-01    5.993150e+00    5.952650e+00    1.374000e+00    1.661600e+00    2.593400e+00    4.905500e-01    1.894800e+00    1.986150e+00    1.927050e+00    2.986000e-01    5.550500e+00    4.516500e-01 
   9.668000e-01    8.447500e-01    2.031500e-01    9.170500e-01    6.815500e-01    1.338500e-01    1.319500e-01    5.997250e+00    5.976000e+00    1.374050e+00    1.662550e+00    2.595950e+00    4.913000e-01    1.895200e+00    1.987100e+00    1.929100e+00    2.995000e-01    5.553850e+00    4.524000e-01 
   9.673000e-01    8.464500e-01    2.043500e-01    9.179000e-01    6.834500e-01    1.352000e-01    1.325500e-01    5.999100e+00    5.989200e+00    1.374100e+00    1.662900e+00    2.596900e+00    4.918500e-01    1.895250e+00    1.987500e+00    1.930300e+00    2.998000e-01    5.555450e+00    4.526500e-01 
   9.678500e-01    8.488000e-01    2.059000e-01    9.190500e-01    6.854000e-01    1.358500e-01    1.332500e-01    5.999850e+00    5.995400e+00    1.374100e+00    1.663000e+00    2.597300e+00    4.921000e-01    1.895250e+00    1.987750e+00    1.930800e+00    2.999000e-01    5.556150e+00    4.527000e-01 
   9.682000e-01    8.505000e-01    2.075500e-01    9.202500e-01    6.875500e-01    1.368000e-01    1.338500e-01    5.999950e+00    5.998500e+00    1.374100e+00    1.663050e+00    2.597350e+00    4.921500e-01    1.895250e+00    1.987750e+00    1.930900e+00    2.999000e-01    5.556200e+00    4.527500e-01 
   9.687000e-01    8.525000e-01    2.089500e-01    9.214000e-01    6.901000e-01    1.379500e-01    1.344500e-01    6.000000e+00    5.999450e+00    1.374100e+00    1.663050e+00    2.597350e+00    4.922000e-01    1.895250e+00    1.987750e+00    1.930950e+00    2.999000e-01    5.556250e+00    4.527500e-01 
   9.690500e-01    8.543000e-01    2.104500e-01    9.222500e-01    6.931000e-01    1.391000e-01    1.348000e-01    6.000000e+00    5.999950e+00    1.374100e+00    1.663050e+00    2.597350e+00    4.922000e-01    1.895250e+00    1.987750e+00    1.930950e+00    2.999000e-01    5.556250e+00    4.527500e-01 
   9.695000e-01    8.563500e-01    2.112500e-01    9.231500e-01    6.954000e-01    1.402500e-01    1.352500e-01    6.000000e+00    6.000000e+00    1.374100e+00    1.663050e+00    2.597350e+00    4.922000e-01    1.895250e+00    1.987750e+00    1.930950e+00    2.999000e-01    5.556250e+00    4.527500e-01 
   9.700500e-01    8.580500e-01    2.127500e-01    9.241000e-01    6.974500e-01    1.413000e-01    1.358500e-01    6.000000e+00    6.000000e+00    1.374100e+00    1.663050e+00    2.597350e+00    4.922000e-01    1.895250e+00    1.987750e+00    1.930950e+00    2.999000e-01    5.556250e+00    4.527500e-01 
   9.705000e-01    8.593500e-01    2.147000e-01    9.254500e-01    6.994000e-01    1.424500e-01    1.364000e-01    6.000000e+00    6.000000e+00    1.374100e+00    1.663050e+00    2.597350e+00    4.922000e-01    1.895250e+00    1.987750e+00    1.930950e+00    2.999000e-01    5.556250e+00    4.527500e-01 
   9.711000e-01    8.611000e-01    2.166000e-01    9.260000e-01    7.018500e-01    1.433500e-01    1.367000e-01    6.000000e+00    6.000000e+00    1.374100e+00    1.663050e+00    2.597350e+00    4.922000e-01    1.895250e+00    1.987750e+00    1.930950e+00    2.999000e-01    5.556250e+00    4.527500e-01 
   9.715000e-01    8.626500e-01    2.179000e-01    9.270500e-01    7.043500e-01    1.442500e-01    1.374000e-01    6.000000e+00    6.000000e+00    1.374100e+00    1.663050e+00    2.597350e+00    4.922000e-01    1.895250e+00    1.987750e+00    1.930950e+00    2.999000e-01    5.556250e+00    4.527500e-01 
   9.718500e-01    8.645500e-01    2.195000e-01    9.281000e-01    7.062000e-01    1.452000e-01    1.379000e-01    6.000000e+00    6.000000e+00    1.374100e+00    1.663050e+00    2.597350e+00    4.922000e-01    1.895250e+00    1.987750e+00    1.930950e+00    2.999000e-01    5.556250e+00    4.527500e-01 
   9.723000e-01    8.662500e-01    2.213500e-01    9.289000e-01    7.078500e-01    1.463500e-01    1.382500e-01    6.000100e+00    6.000000e+00    1.374100e+00    1.663100e+00    2.597350e+00    4.922500e-01    1.895250e+00    1.987800e+00    1.931000e+00    2.999000e-01    5.556350e+00    4.527500e-01 
   9.727000e-01    8.678000e-01    2.226000e-01    9.296000e-01    7.107000e-01    1.473000e-01    1.386500e-01    6.000150e+00    6.000000e+00    1.374100e+00    1.663150e+00    2.597350e+00    4.922500e-01    1.895250e+00    1.987850e+00    1.931000e+00    2.999000e-01    5.556400e+00    4.527500e-01 
   9.730500e-01    8.693500e-01    2.244000e-01    9.307500e-01    7.124500e-01    1.481500e-01    1.389000e-01    6.000550e+00    6.000050e+00    1.374100e+00    1.663200e+00    2.597700e+00    4.922500e-01    1.895300e+00    1.987850e+00    1.931250e+00    3.000000e-01    5.556750e+00    4.528000e-01 
   9.734000e-01    8.708500e-01    2.262000e-01    9.315000e-01    7.146500e-01    1.491000e-01    1.396500e-01    6.001850e+00    6.000100e+00    1.374200e+00    1.663450e+00    2.598400e+00    4.925000e-01    1.895400e+00    1.988100e+00    1.932100e+00    3.001000e-01    5.557950e+00    4.529000e-01 
   9.736500e-01    8.721500e-01    2.279500e-01    9.318500e-01    7.172500e-01    1.502000e-01    1.400500e-01    6.004500e+00    6.000400e+00    1.374250e+00    1.663800e+00    2.600300e+00    4.928500e-01    1.895500e+00    1.988600e+00    1.933700e+00    3.006000e-01    5.560150e+00    4.533500e-01 
   9.739500e-01    8.735000e-01    2.294500e-01    9.324000e-01    7.193500e-01    1.515500e-01    1.404000e-01    6.010950e+00    6.001000e+00    1.374350e+00    1.664150e+00    2.604650e+00    4.945000e-01    1.895900e+00    1.989850e+00    1.937150e+00    3.019500e-01    5.565550e+00    4.544000e-01 
   9.743500e-01    8.748500e-01    2.307000e-01    9.331000e-01    7.213500e-01    1.526000e-01    1.408500e-01    6.023350e+00    6.002850e+00    1.374600e+00    1.665700e+00    2.612500e+00    4.974000e-01    1.896800e+00    1.992800e+00    1.943850e+00    3.038000e-01    5.576450e+00    4.559000e-01 
   9.746500e-01    8.763000e-01    2.319500e-01    9.339500e-01    7.233500e-01    1.534500e-01    1.413000e-01    6.043700e+00    6.007300e+00    1.375000e+00    1.667550e+00    2.626100e+00    5.020000e-01    1.897800e+00    1.997650e+00    1.955700e+00    3.066500e-01    5.593800e+00    4.589000e-01 
   9.748500e-01    8.778500e-01    2.341000e-01    9.348000e-01    7.254000e-01    1.547000e-01    1.420500e-01    6.076250e+00    6.016150e+00    1.375950e+00    1.671400e+00    2.645450e+00    5.105500e-01    1.900650e+00    2.004700e+00    1.974400e+00    3.108500e-01    5.622250e+00    4.630000e-01 
   9.755000e-01    8.795000e-01    2.357500e-01    9.357500e-01    7.271500e-01    1.558500e-01    1.427000e-01    6.121150e+00    6.032300e+00    1.377650e+00    1.676350e+00    2.674800e+00    5.197500e-01    1.904050e+00    2.013400e+00    2.000200e+00    3.179500e-01    5.660550e+00    4.696500e-01 
   9.759500e-01    8.808500e-01    2.375000e-01    9.363500e-01    7.290000e-01    1.567500e-01    1.430500e-01    6.182250e+00    6.058450e+00    1.379100e+00    1.682200e+00    2.714350e+00    5.343500e-01    1.907950e+00    2.027050e+00    2.034500e+00    3.276500e-01    5.711750e+00    4.795500e-01 
   9.763000e-01    8.822500e-01    2.394500e-01    9.369500e-01    7.314500e-01    1.580000e-01    1.434000e-01    6.256750e+00    6.096050e+00    1.380950e+00    1.688800e+00    2.763950e+00    5.514000e-01    1.912400e+00    2.042000e+00    2.078300e+00    3.393000e-01    5.774650e+00    4.911500e-01 
   9.764000e-01    8.836000e-01    2.412000e-01    9.378000e-01    7.339000e-01    1.585500e-01    1.443000e-01    6.343400e+00    6.149750e+00    1.382950e+00    1.696600e+00    2.818850e+00    5.740000e-01    1.917250e+00    2.058700e+00    2.128750e+00    3.546000e-01    5.849000e+00    5.037000e-01 
   9.769500e-01    8.853000e-01    2.424000e-01    9.383500e-01    7.363500e-01    1.599000e-01    1.447000e-01    6.443000e+00    6.217450e+00    1.385200e+00    1.705400e+00    2.883950e+00    5.983000e-01    1.924300e+00    2.078750e+00    2.185650e+00    3.708500e-01    5.932900e+00    5.194000e-01 
   9.775500e-01    8.863500e-01    2.440000e-01    9.391000e-01    7.383500e-01    1.612000e-01    1.453500e-01    6.546500e+00    6.299350e+00    1.387650e+00    1.715200e+00    2.951000e+00    6.232500e-01    1.930800e+00    2.100250e+00    2.245400e+00    3.874500e-01    6.021650e+00    5.343500e-01 
   9.778000e-01    8.877500e-01    2.458500e-01    9.399000e-01    7.409000e-01    1.626000e-01    1.458500e-01    6.645150e+00    6.392250e+00    1.389600e+00    1.724400e+00    3.015350e+00    6.473000e-01    1.937100e+00    2.120200e+00    2.303400e+00    4.029500e-01    6.106150e+00    5.485000e-01 
   9.782000e-01    8.892500e-01    2.469500e-01    9.408000e-01    7.431500e-01    1.639000e-01    1.463000e-01    6.736400e+00    6.494500e+00    1.391350e+00    1.732050e+00    3.075550e+00    6.696500e-01    1.941600e+00    2.137650e+00    2.358400e+00    4.184000e-01    6.183500e+00    5.625000e-01 
   9.786500e-01    8.905500e-01    2.487500e-01    9.415500e-01    7.451000e-01    1.652000e-01    1.471500e-01    6.814750e+00    6.596600e+00    1.393300e+00    1.739300e+00    3.126050e+00    6.888000e-01    1.946300e+00    2.153950e+00    2.403600e+00    4.316000e-01    6.252050e+00    5.724000e-01 
   9.789500e-01    8.919500e-01    2.504000e-01    9.422000e-01    7.469000e-01    1.663500e-01    1.479000e-01    6.876950e+00    6.692800e+00    1.394400e+00    1.744450e+00    3.166400e+00    7.051500e-01    1.950250e+00    2.166600e+00    2.438700e+00    4.428000e-01    6.304900e+00    5.819000e-01 
   9.791000e-01    8.932000e-01    2.519500e-01    9.428500e-01    7.485500e-01    1.680500e-01    1.485000e-01    6.920750e+00    6.778700e+00    1.395650e+00    1.748000e+00    3.194150e+00    7.170500e-01    1.952600e+00    2.175300e+00    2.464200e+00    4.509500e-01    6.343050e+00    5.876500e-01 
   9.793500e-01    8.945500e-01    2.535000e-01    9.433500e-01    7.498500e-01    1.693500e-01    1.490000e-01    6.953150e+00    6.848800e+00    1.396200e+00    1.750950e+00    3.214550e+00    7.259500e-01    1.954500e+00    2.181600e+00    2.483700e+00    4.561000e-01    6.371250e+00    5.919000e-01 
   9.798000e-01    8.958500e-01    2.549000e-01    9.440500e-01    7.516000e-01    1.710000e-01    1.497000e-01    6.974700e+00    6.900500e+00    1.396450e+00    1.753150e+00    3.227650e+00    7.322000e-01    1.955700e+00    2.185800e+00    2.496900e+00    4.592500e-01    6.389800e+00    5.949500e-01 
