   0.000000e+00    0.000000e+00    0.000000e+00    0.000000e+00    0.000000e+00    0.000000e+00    0.000000e+00    0.000000e+00    0.000000e+00    0.000000e+00    0.000000e+00    0.000000e+00    0.000000e+00    0.000000e+00    0.000000e+00    0.000000e+00    0.000000e+00    0.000000e+00    0.000000e+00 
   1.664000e-02    1.400000e-04    0.000000e+00    1.176000e-02    6.000000e-05    0.000000e+00    5.600000e-04    0.000000e+00    0.000000e+00    0.000000e+00    0.000000e+00    0.000000e+00    0.000000e+00    0.000000e+00    0.000000e+00    0.000000e+00    0.000000e+00    0.000000e+00    0.000000e+00 
   3.142000e-02    4.600000e-04    0.000000e+00    2.384000e-02    2.000000e-04    0.000000e+00    1.100000e-03    0.000000e+00    0.000000e+00    0.000000e+00    0.000000e+00    0.000000e+00    0.000000e+00    0.000000e+00    0.000000e+00    0.000000e+00    0.000000e+00    0.000000e+00    0.000000e+00 
   4.640000e-02    1.000000e-03    0.000000e+00    3.536000e-02    4.800000e-04    0.000000e+00    1.600000e-03    0.000000e+00    0.000000e+00    0.000000e+00    0.000000e+00    0.000000e+00    0.000000e+00    0.000000e+00    0.000000e+00    0.000000e+00    0.000000e+00    0.000000e+00    0.000000e+00 
   6.064000e-02    1.880000e-03    2.000000e-05    4.682000e-02    8.400000e-04    0.000000e+00    2.240000e-03    0.000000e+00    0.000000e+00    0.000000e+00    0.000000e+00    0.000000e+00    0.000000e+00    0.000000e+00    0.000000e+00    0.000000e+00    0.000000e+00    0.000000e+00    0.000000e+00 
   7.440000e-02    2.900000e-03    2.000000e-05    5.748000e-02    1.500000e-03    0.000000e+00    2.980000e-03    0.000000e+00    0.000000e+00    0.000000e+00    0.000000e+00    0.000000e+00    0.000000e+00    0.000000e+00    0.000000e+00    0.000000e+00    0.000000e+00    0.000000e+00    0.000000e+00 
   8.926000e-02    4.140000e-03    4.000000e-05    6.812000e-02    2.060000e-03    0.000000e+00    3.980000e-03    0.000000e+00    0.000000e+00    0.000000e+00    0.000000e+00    0.000000e+00    0.000000e+00    0.000000e+00    0.000000e+00    0.000000e+00    0.000000e+00    0.000000e+00    0.000000e+00 
   1.038800e-01    5.720000e-03    4.000000e-05    7.898000e-02    2.740000e-03    0.000000e+00    4.620000e-03    0.000000e+00    0.000000e+00    0.000000e+00    0.000000e+00    0.000000e+00    0.000000e+00    0.000000e+00    0.000000e+00    0.000000e+00    0.000000e+00    0.000000e+00    0.000000e+00 
   1.181400e-01    7.440000e-03    6.000000e-05    8.962000e-02    3.640000e-03    2.000000e-05    5.200000e-03    0.000000e+00    0.000000e+00    0.000000e+00    0.000000e+00    0.000000e+00    0.000000e+00    0.000000e+00    0.000000e+00    0.000000e+00    0.000000e+00    0.000000e+00    0.000000e+00 
   1.315200e-01    9.340000e-03    8.000000e-05    1.001400e-01    4.660000e-03    2.000000e-05    5.860000e-03    0.000000e+00    0.000000e+00    0.000000e+00    0.000000e+00    0.000000e+00    0.000000e+00    0.000000e+00    0.000000e+00    0.000000e+00    0.000000e+00    0.000000e+00    0.000000e+00 
   1.447800e-01    1.110000e-02    1.000000e-04    1.106400e-01    5.600000e-03    4.000000e-05    6.600000e-03    0.000000e+00    0.000000e+00    0.000000e+00    0.000000e+00    0.000000e+00    0.000000e+00    0.000000e+00    0.000000e+00    0.000000e+00    0.000000e+00    0.000000e+00    0.000000e+00 
   1.586200e-01    1.352000e-02    1.600000e-04    1.206400e-01    6.740000e-03    4.000000e-05    7.300000e-03    0.000000e+00    0.000000e+00    0.000000e+00    0.000000e+00    0.000000e+00    0.000000e+00    0.000000e+00    0.000000e+00    0.000000e+00    0.000000e+00    0.000000e+00    0.000000e+00 
   1.703800e-01    1.590000e-02    1.800000e-04    1.301000e-01    8.200000e-03    4.000000e-05    8.080000e-03    0.000000e+00    0.000000e+00    0.000000e+00    0.000000e+00    0.000000e+00    0.000000e+00    0.000000e+00    0.000000e+00    0.000000e+00    0.000000e+00    0.000000e+00    0.000000e+00 
   1.832600e-01    1.792000e-02    2.800000e-04    1.406200e-01    9.580000e-03    4.000000e-05    8.740000e-03    0.000000e+00    0.000000e+00    0.000000e+00    0.000000e+00    0.000000e+00    0.000000e+00    0.000000e+00    0.000000e+00    0.000000e+00    0.000000e+00    0.000000e+00    0.000000e+00 
   1.960400e-01    2.032000e-02    2.800000e-04    1.501600e-01    1.094000e-02    8.000000e-05    9.260000e-03    0.000000e+00    0.000000e+00    0.000000e+00    0.000000e+00    0.000000e+00    0.000000e+00    0.000000e+00    0.000000e+00    0.000000e+00    0.000000e+00    0.000000e+00    0.000000e+00 
   2.090600e-01    2.284000e-02    3.000000e-04    1.594200e-01    1.208000e-02    1.400000e-04    9.800000e-03    0.000000e+00    0.000000e+00    0.000000e+00    0.000000e+00    0.000000e+00    0.000000e+00    0.000000e+00    0.000000e+00    0.000000e+00    0.000000e+00    0.000000e+00    0.000000e+00 
   2.214200e-01    2.574000e-02    3.400000e-04    1.698000e-01    1.358000e-02    1.600000e-04    1.050000e-02    0.000000e+00    0.000000e+00    0.000000e+00    0.000000e+00    0.000000e+00    0.000000e+00    0.000000e+00    0.000000e+00    0.000000e+00    0.000000e+00    0.000000e+00    0.000000e+00 
   2.336800e-01    2.906000e-02    3.800000e-04    1.778000e-01    1.508000e-02    1.600000e-04    1.124000e-02    0.000000e+00    0.000000e+00    0.000000e+00    0.000000e+00    0.000000e+00    0.000000e+00    0.000000e+00    0.000000e+00    0.000000e+00    0.000000e+00    0.000000e+00    0.000000e+00 
   2.466800e-01    3.210000e-02    4.000000e-04    1.873400e-01    1.658000e-02    1.800000e-04    1.194000e-02    0.000000e+00    0.000000e+00    0.000000e+00    0.000000e+00    0.000000e+00    0.000000e+00    0.000000e+00    0.000000e+00    0.000000e+00    0.000000e+00    0.000000e+00    0.000000e+00 
   2.582200e-01    3.540000e-02    5.200000e-04    1.977400e-01    1.854000e-02    2.400000e-04    1.266000e-02    0.000000e+00    0.000000e+00    0.000000e+00    0.000000e+00    0.000000e+00    0.000000e+00    0.000000e+00    0.000000e+00    0.000000e+00    0.000000e+00    0.000000e+00    0.000000e+00 
   2.694200e-01    3.858000e-02    5.600000e-04    2.065400e-01    2.028000e-02    2.800000e-04    1.326000e-02    0.000000e+00    0.000000e+00    0.000000e+00    0.000000e+00    0.000000e+00    0.000000e+00    0.000000e+00    0.000000e+00    0.000000e+00    0.000000e+00    0.000000e+00    0.000000e+00 
   2.811400e-01    4.242000e-02    7.000000e-04    2.158800e-01    2.220000e-02    3.200000e-04    1.366000e-02    0.000000e+00    0.000000e+00    0.000000e+00    0.000000e+00    0.000000e+00    0.000000e+00    0.000000e+00    0.000000e+00    0.000000e+00    0.000000e+00    0.000000e+00    0.000000e+00 
   2.922400e-01    4.598000e-02    7.800000e-04    2.253800e-01    2.408000e-02    3.800000e-04    1.424000e-02    0.000000e+00    0.000000e+00    0.000000e+00    0.000000e+00    0.000000e+00    0.000000e+00    0.000000e+00    0.000000e+00    0.000000e+00    0.000000e+00    0.000000e+00    0.000000e+00 
   3.038200e-01    4.930000e-02    8.200000e-04    2.344400e-01    2.634000e-02    3.800000e-04    1.500000e-02    0.000000e+00    0.000000e+00    0.000000e+00    0.000000e+00    0.000000e+00    0.000000e+00    0.000000e+00    0.000000e+00    0.000000e+00    0.000000e+00    0.000000e+00    0.000000e+00 
   3.146600e-01    5.320000e-02    9.600000e-04    2.430000e-01    2.888000e-02    4.600000e-04    1.568000e-02    0.000000e+00    0.000000e+00    0.000000e+00    0.000000e+00    0.000000e+00    0.000000e+00    0.000000e+00    0.000000e+00    0.000000e+00    0.000000e+00    0.000000e+00    0.000000e+00 
   3.253800e-01    5.710000e-02    1.100000e-03    2.514600e-01    3.124000e-02    4.800000e-04    1.634000e-02    0.000000e+00    0.000000e+00    0.000000e+00    0.000000e+00    0.000000e+00    0.000000e+00    0.000000e+00    0.000000e+00    0.000000e+00    0.000000e+00    0.000000e+00    0.000000e+00 
   3.355800e-01    6.092000e-02    1.220000e-03    2.598200e-01    3.326000e-02    5.600000e-04    1.712000e-02    0.000000e+00    0.000000e+00    0.000000e+00    0.000000e+00    0.000000e+00    0.000000e+00    0.000000e+00    0.000000e+00    0.000000e+00    0.000000e+00    0.000000e+00    0.000000e+00 
   3.456600e-01    6.446000e-02    1.360000e-03    2.682800e-01    3.556000e-02    6.800000e-04    1.794000e-02    0.000000e+00    0.000000e+00    0.000000e+00    0.000000e+00    0.000000e+00    0.000000e+00    0.000000e+00    0.000000e+00    0.000000e+00    0.000000e+00    0.000000e+00    0.000000e+00 
   3.553000e-01    6.880000e-02    1.460000e-03    2.762200e-01    3.818000e-02    7.800000e-04    1.854000e-02    0.000000e+00    0.000000e+00    0.000000e+00    0.000000e+00    0.000000e+00    0.000000e+00    0.000000e+00    0.000000e+00    0.000000e+00    0.000000e+00    0.000000e+00    0.000000e+00 
   3.658000e-01    7.270000e-02    1.600000e-03    2.843800e-01    4.060000e-02    8.600000e-04    1.916000e-02    0.000000e+00    0.000000e+00    0.000000e+00    0.000000e+00    0.000000e+00    0.000000e+00    0.000000e+00    0.000000e+00    0.000000e+00    0.000000e+00    0.000000e+00    0.000000e+00 
   3.754400e-01    7.688000e-02    1.720000e-03    2.921000e-01    4.298000e-02    1.000000e-03    1.976000e-02    0.000000e+00    0.000000e+00    0.000000e+00    0.000000e+00    0.000000e+00    0.000000e+00    0.000000e+00    0.000000e+00    0.000000e+00    0.000000e+00    0.000000e+00    0.000000e+00 
   3.847600e-01    8.118000e-02    1.820000e-03    2.998600e-01    4.558000e-02    1.060000e-03    2.054000e-02    2.015200e-01    0.000000e+00    1.253200e-01    6.122000e-02    1.604000e-02    4.000000e-04    1.421200e-01    5.104000e-02    9.200000e-03    3.200000e-04    1.978000e-01    3.820000e-03 
   3.947200e-01    8.558000e-02    2.080000e-03    3.081800e-01    4.812000e-02    1.200000e-03    2.120000e-02    4.000200e-01    0.000000e+00    2.449400e-01    1.256000e-01    3.394000e-02    1.180000e-03    2.789400e-01    1.063400e-01    1.890000e-02    5.000000e-04    3.918800e-01    8.340000e-03 
   4.044400e-01    9.004000e-02    2.280000e-03    3.167400e-01    5.102000e-02    1.280000e-03    2.176000e-02    5.969600e-01    1.000600e-01    3.637200e-01    1.912400e-01    5.272000e-02    1.540000e-03    4.139400e-01    1.625000e-01    2.964000e-02    7.400000e-04    5.847000e-01    1.280000e-02 
   4.126200e-01    9.434000e-02    2.440000e-03    3.247400e-01    5.374000e-02    1.460000e-03    2.230000e-02    7.993800e-01    3.019000e-01    4.838400e-01    2.598800e-01    7.242000e-02    2.060000e-03    5.507400e-01    2.214200e-01    4.130000e-02    1.200000e-03    7.826800e-01    1.754000e-02 
   4.213200e-01    9.960000e-02    2.640000e-03    3.326200e-01    5.634000e-02    1.640000e-03    2.298000e-02    1.000000e+00    4.984600e-01    6.008600e-01    3.275400e-01    9.436000e-02    2.500000e-03    6.875800e-01    2.783400e-01    5.340000e-02    1.540000e-03    9.785400e-01    2.266000e-02 
   4.298600e-01    1.048600e-01    2.900000e-03    3.403800e-01    5.894000e-02    1.720000e-03    2.374000e-02    1.000000e+00    6.988600e-01    6.008600e-01    3.310800e-01    9.628000e-02    2.580000e-03    6.875800e-01    2.815400e-01    5.436000e-02    1.560000e-03    9.785400e-01    2.302000e-02 
   4.396600e-01    1.095200e-01    3.180000e-03    3.474200e-01    6.172000e-02    1.940000e-03    2.424000e-02    1.000000e+00    8.996600e-01    6.008600e-01    3.331200e-01    9.728000e-02    2.580000e-03    6.875800e-01    2.829600e-01    5.476000e-02    1.600000e-03    9.785400e-01    2.316000e-02 
   4.485200e-01    1.151800e-01    3.380000e-03    3.544400e-01    6.434000e-02    2.000000e-03    2.484000e-02    1.000000e+00    1.000000e+00    6.008600e-01    3.333200e-01    9.744000e-02    2.580000e-03    6.875800e-01    2.831800e-01    5.488000e-02    1.600000e-03    9.785400e-01    2.318000e-02 
   4.568800e-01    1.201600e-01    3.700000e-03    3.616400e-01    6.756000e-02    2.080000e-03    2.562000e-02    1.000000e+00    1.000000e+00    6.008600e-01    3.333200e-01    9.744000e-02    2.580000e-03    6.875800e-01    2.831800e-01    5.488000e-02    1.600000e-03    9.785400e-01    2.318000e-02 
   4.647600e-01    1.252000e-01    4.040000e-03    3.688800e-01    7.080000e-02    2.360000e-03    2.622000e-02    1.000000e+00    1.000000e+00    6.008600e-01    3.333200e-01    9.744000e-02    2.580000e-03    6.875800e-01    2.831800e-01    5.488000e-02    1.600000e-03    9.785400e-01    2.318000e-02 
   4.730800e-01    1.300800e-01    4.320000e-03    3.764400e-01    7.436000e-02    2.560000e-03    2.682000e-02    1.000000e+00    1.000000e+00    6.008600e-01    3.333200e-01    9.744000e-02    2.580000e-03    6.875800e-01    2.831800e-01    5.488000e-02    1.600000e-03    9.785400e-01    2.318000e-02 
   4.816400e-01    1.353800e-01    4.540000e-03    3.833000e-01    7.732000e-02    2.660000e-03    2.738000e-02    1.000000e+00    1.000000e+00    6.008600e-01    3.333200e-01    9.744000e-02    2.580000e-03    6.875800e-01    2.831800e-01    5.488000e-02    1.600000e-03    9.785400e-01    2.318000e-02 
   4.902800e-01    1.404800e-01    5.000000e-03    3.906400e-01    8.074000e-02    2.940000e-03    2.812000e-02    1.000000e+00    1.000000e+00    6.008600e-01    3.333200e-01    9.744000e-02    2.580000e-03    6.875800e-01    2.831800e-01    5.488000e-02    1.600000e-03    9.785400e-01    2.318000e-02 
   4.978400e-01    1.458800e-01    5.540000e-03    3.972400e-01    8.362000e-02    3.100000e-03    2.878000e-02    1.000000e+00    1.000000e+00    6.008600e-01    3.333200e-01    9.744000e-02    2.580000e-03    6.875800e-01    2.831800e-01    5.488000e-02    1.600000e-03    9.785400e-01    2.318000e-02 
   5.055800e-01    1.514400e-01    5.840000e-03    4.043600e-01    8.674000e-02    3.280000e-03    2.954000e-02    1.000000e+00    1.000000e+00    6.008600e-01    3.333200e-01    9.744000e-02    2.580000e-03    6.875800e-01    2.831800e-01    5.488000e-02    1.600000e-03    9.785400e-01    2.318000e-02 
   5.131800e-01    1.564600e-01    6.260000e-03    4.109000e-01    9.006000e-02    3.460000e-03    3.014000e-02    1.000000e+00    1.000000e+00    6.008600e-01    3.333200e-01    9.744000e-02    2.580000e-03    6.875800e-01    2.831800e-01    5.488000e-02    1.600000e-03    9.785400e-01    2.318000e-02 
   5.211800e-01    1.614800e-01    6.680000e-03    4.173000e-01    9.340000e-02    3.620000e-03    3.062000e-02    1.000000e+00    1.000000e+00    6.008600e-01    3.333200e-01    9.744000e-02    2.580000e-03    6.875800e-01    2.831800e-01    5.488000e-02    1.600000e-03    9.785400e-01    2.318000e-02 
   5.284800e-01    1.664800e-01    7.060000e-03    4.239400e-01    9.614000e-02    3.840000e-03    3.116000e-02    1.000000e+00    1.000000e+00    6.008600e-01    3.333200e-01    9.744000e-02    2.580000e-03    6.875800e-01    2.831800e-01    5.488000e-02    1.600000e-03    9.785400e-01    2.318000e-02 
   5.365600e-01    1.723200e-01    7.480000e-03    4.309400e-01    9.944000e-02    4.040000e-03    3.188000e-02    1.000000e+00    1.000000e+00    6.008600e-01    3.333200e-01    9.744000e-02    2.580000e-03    6.875800e-01    2.831800e-01    5.488000e-02    1.600000e-03    9.785400e-01    2.318000e-02 
   5.435400e-01    1.773800e-01    7.900000e-03    4.372400e-01    1.027600e-01    4.100000e-03    3.264000e-02    1.000000e+00    1.000000e+00    6.008600e-01    3.333200e-01    9.744000e-02    2.580000e-03    6.875800e-01    2.831800e-01    5.488000e-02    1.600000e-03    9.785400e-01    2.318000e-02 
   5.508600e-01    1.828800e-01    8.420000e-03    4.439000e-01    1.061000e-01    4.260000e-03    3.332000e-02    1.000000e+00    1.000000e+00    6.008600e-01    3.333200e-01    9.744000e-02    2.580000e-03    6.875800e-01    2.831800e-01    5.488000e-02    1.600000e-03    9.785400e-01    2.318000e-02 
   5.581200e-01    1.880400e-01    8.880000e-03    4.500800e-01    1.098200e-01    4.420000e-03    3.366000e-02    1.000000e+00    1.000000e+00    6.008600e-01    3.333200e-01    9.744000e-02    2.580000e-03    6.875800e-01    2.831800e-01    5.488000e-02    1.600000e-03    9.785400e-01    2.318000e-02 
   5.652800e-01    1.939600e-01    9.380000e-03    4.563800e-01    1.130600e-01    4.720000e-03    3.446000e-02    1.000000e+00    1.000000e+00    6.008600e-01    3.333200e-01    9.744000e-02    2.580000e-03    6.875800e-01    2.831800e-01    5.488000e-02    1.600000e-03    9.785400e-01    2.318000e-02 
   5.723200e-01    1.993600e-01    9.820000e-03    4.622200e-01    1.168000e-01    5.040000e-03    3.516000e-02    1.000000e+00    1.000000e+00    6.008600e-01    3.333200e-01    9.744000e-02    2.580000e-03    6.875800e-01    2.831800e-01    5.488000e-02    1.600000e-03    9.785400e-01    2.318000e-02 
   5.792400e-01    2.049000e-01    1.020000e-02    4.683000e-01    1.199200e-01    5.360000e-03    3.570000e-02    1.000000e+00    1.000000e+00    6.008600e-01    3.333200e-01    9.744000e-02    2.580000e-03    6.875800e-01    2.831800e-01    5.488000e-02    1.600000e-03    9.785400e-01    2.318000e-02 
   5.853000e-01    2.101800e-01    1.054000e-02    4.746400e-01    1.235200e-01    5.500000e-03    3.628000e-02    1.000000e+00    1.000000e+00    6.008600e-01    3.333200e-01    9.744000e-02    2.580000e-03    6.875800e-01    2.831800e-01    5.488000e-02    1.600000e-03    9.785400e-01    2.318000e-02 
   5.914200e-01    2.158000e-01    1.080000e-02    4.808400e-01    1.271600e-01    5.760000e-03    3.672000e-02    1.000000e+00    1.000000e+00    6.008600e-01    3.333200e-01    9.744000e-02    2.580000e-03    6.875800e-01    2.831800e-01    5.488000e-02    1.600000e-03    9.785400e-01    2.318000e-02 
   5.980800e-01    2.215600e-01    1.124000e-02    4.871000e-01    1.307000e-01    6.060000e-03    3.724000e-02    1.000000e+00    1.000000e+00    6.008600e-01    3.333200e-01    9.744000e-02    2.580000e-03    6.875800e-01    2.831800e-01    5.488000e-02    1.600000e-03    9.785400e-01    2.318000e-02 
   6.046800e-01    2.274200e-01    1.196000e-02    4.932600e-01    1.341400e-01    6.420000e-03    3.788000e-02    1.000000e+00    1.000000e+00    6.008600e-01    3.333200e-01    9.744000e-02    2.580000e-03    6.875800e-01    2.831800e-01    5.488000e-02    1.600000e-03    9.785400e-01    2.318000e-02 
   6.103600e-01    2.327200e-01    1.238000e-02    4.996200e-01    1.377000e-01    6.840000e-03    3.854000e-02    1.000000e+00    1.000000e+00    6.008600e-01    3.333200e-01    9.744000e-02    2.580000e-03    6.875800e-01    2.831800e-01    5.488000e-02    1.600000e-03    9.785400e-01    2.318000e-02 
   6.164200e-01    2.379200e-01    1.280000e-02    5.052600e-01    1.408200e-01    7.120000e-03    3.934000e-02    1.000000e+00    1.000000e+00    6.008600e-01    3.333200e-01    9.744000e-02    2.580000e-03    6.875800e-01    2.831800e-01    5.488000e-02    1.600000e-03    9.785400e-01    2.318000e-02 
   6.220600e-01    2.439400e-01    1.328000e-02    5.100600e-01    1.443600e-01    7.440000e-03    4.008000e-02    1.000000e+00    1.000000e+00    6.008600e-01    3.333200e-01    9.744000e-02    2.580000e-03    6.875800e-01    2.831800e-01    5.488000e-02    1.600000e-03    9.785400e-01    2.318000e-02 
   6.277800e-01    2.494600e-01    1.390000e-02    5.154400e-01    1.477800e-01    7.800000e-03    4.088000e-02    1.005380e+00    1.000000e+00    6.028200e-01    3.351800e-01    9.898000e-02    2.620000e-03    6.904600e-01    2.849800e-01    5.554000e-02    1.640000e-03    9.837800e-01    2.332000e-02 
   6.335800e-01    2.549800e-01    1.446000e-02    5.215000e-01    1.516200e-01    8.060000e-03    4.152000e-02    1.044440e+00    1.000000e+00    6.165800e-01    3.509200e-01    1.081800e-01    3.220000e-03    7.091600e-01    2.996000e-01    6.126000e-02    1.900000e-03    1.021660e+00    2.452000e-02 
   6.392800e-01    2.603000e-01    1.486000e-02    5.276000e-01    1.558000e-01    8.480000e-03    4.214000e-02    1.121840e+00    1.000000e+00    6.447800e-01    3.806800e-01    1.276200e-01    4.200000e-03    7.463800e-01    3.283000e-01    7.294000e-02    2.540000e-03    1.095940e+00    2.766000e-02 
   6.450000e-01    2.663600e-01    1.554000e-02    5.330400e-01    1.594000e-01    8.840000e-03    4.296000e-02    1.241900e+00    1.019880e+00    6.875200e-01    4.278400e-01    1.578600e-01    6.500000e-03    8.022000e-01    3.747000e-01    9.156000e-02    3.400000e-03    1.210820e+00    3.300000e-02 
   6.507400e-01    2.720800e-01    1.624000e-02    5.392200e-01    1.633000e-01    9.160000e-03    4.360000e-02    1.402320e+00    1.078100e+00    7.434600e-01    4.906200e-01    2.004000e-01    9.040000e-03    8.762800e-01    4.375400e-01    1.162800e-01    5.140000e-03    1.364180e+00    4.020000e-02 
   6.566600e-01    2.776000e-01    1.688000e-02    5.444200e-01    1.677200e-01    9.540000e-03    4.416000e-02    1.592280e+00    1.177400e+00    8.101800e-01    5.641600e-01    2.513400e-01    1.268000e-02    9.631200e-01    5.101800e-01    1.484600e-01    7.220000e-03    1.546260e+00    4.826000e-02 
   6.618800e-01    2.830200e-01    1.744000e-02    5.498600e-01    1.713400e-01    9.760000e-03    4.480000e-02    1.754600e+00    1.316900e+00    8.662400e-01    6.273200e-01    2.964400e-01    1.544000e-02    1.036460e+00    5.745200e-01    1.753600e-01    9.020000e-03    1.700620e+00    5.650000e-02 
   6.671200e-01    2.890000e-01    1.808000e-02    5.551800e-01    1.750600e-01    1.008000e-02    4.554000e-02    1.875920e+00    1.498260e+00    9.077200e-01    6.750000e-01    3.310800e-01    1.782000e-02    1.091460e+00    6.217200e-01    1.971600e-01    1.010000e-02    1.816420e+00    6.228000e-02 
   6.725200e-01    2.944400e-01    1.860000e-02    5.602400e-01    1.785000e-01    1.056000e-02    4.626000e-02    1.956080e+00    1.677880e+00    9.337800e-01    7.066600e-01    3.554400e-01    1.962000e-02    1.126740e+00    6.546200e-01    2.112200e-01    1.122000e-02    1.892760e+00    6.634000e-02 
   6.774800e-01    2.998400e-01    1.910000e-02    5.651800e-01    1.822200e-01    1.098000e-02    4.684000e-02    1.994940e+00    1.820380e+00    9.463400e-01    7.229600e-01    3.673400e-01    2.042000e-02    1.143560e+00    6.704600e-01    2.189600e-01    1.174000e-02    1.929800e+00    6.828000e-02 
   6.822200e-01    3.052200e-01    1.996000e-02    5.702800e-01    1.864400e-01    1.134000e-02    4.730000e-02    2.000000e+00    1.920380e+00    9.481800e-01    7.251400e-01    3.696200e-01    2.062000e-02    1.145860e+00    6.731600e-01    2.204200e-01    1.186000e-02    1.934660e+00    6.854000e-02 
   6.873400e-01    3.117000e-01    2.080000e-02    5.754600e-01    1.907400e-01    1.180000e-02    4.808000e-02    2.000000e+00    1.979580e+00    9.481800e-01    7.253200e-01    3.697400e-01    2.066000e-02    1.145860e+00    6.733400e-01    2.206200e-01    1.188000e-02    1.934660e+00    6.856000e-02 
   6.920800e-01    3.171400e-01    2.144000e-02    5.802000e-01    1.947200e-01    1.236000e-02    4.864000e-02    2.000000e+00    2.000000e+00    9.481800e-01    7.253800e-01    3.697800e-01    2.066000e-02    1.145860e+00    6.733600e-01    2.206400e-01    1.188000e-02    1.934660e+00    6.856000e-02 
   6.973000e-01    3.229600e-01    2.224000e-02    5.849200e-01    1.983200e-01    1.296000e-02    4.942000e-02    2.000000e+00    2.000000e+00    9.481800e-01    7.253800e-01    3.697800e-01    2.066000e-02    1.145860e+00    6.733600e-01    2.206400e-01    1.188000e-02    1.934660e+00    6.856000e-02 
   7.019400e-01    3.285400e-01    2.280000e-02    5.900000e-01    2.018000e-01    1.336000e-02    5.008000e-02    2.000000e+00    2.000000e+00    9.481800e-01    7.253800e-01    3.697800e-01    2.066000e-02    1.145860e+00    6.733600e-01    2.206400e-01    1.188000e-02    1.934660e+00    6.856000e-02 
   7.062600e-01    3.339000e-01    2.376000e-02    5.949200e-01    2.060600e-01    1.364000e-02    5.072000e-02    2.000000e+00    2.000000e+00    9.481800e-01    7.253800e-01    3.697800e-01    2.066000e-02    1.145860e+00    6.733600e-01    2.206400e-01    1.188000e-02    1.934660e+00    6.856000e-02 
   7.111800e-01    3.390800e-01    2.484000e-02    5.990800e-01    2.097800e-01    1.404000e-02    5.120000e-02    2.000000e+00    2.000000e+00    9.481800e-01    7.253800e-01    3.697800e-01    2.066000e-02    1.145860e+00    6.733600e-01    2.206400e-01    1.188000e-02    1.934660e+00    6.856000e-02 
   7.156200e-01    3.448000e-01    2.570000e-02    6.035400e-01    2.137000e-01    1.458000e-02    5.182000e-02    2.000000e+00    2.000000e+00    9.481800e-01    7.253800e-01    3.697800e-01    2.066000e-02    1.145860e+00    6.733600e-01    2.206400e-01    1.188000e-02    1.934660e+00    6.856000e-02 
   7.200200e-01    3.496400e-01    2.634000e-02    6.078400e-01    2.179400e-01    1.506000e-02    5.264000e-02    2.000000e+00    2.000000e+00    9.481800e-01    7.253800e-01    3.697800e-01    2.066000e-02    1.145860e+00    6.733600e-01    2.206400e-01    1.188000e-02    1.934660e+00    6.856000e-02 
   7.245600e-01    3.551000e-01    2.716000e-02    6.129800e-01    2.219200e-01    1.572000e-02    5.328000e-02    2.000000e+00    2.000000e+00    9.481800e-01    7.253800e-01    3.697800e-01    2.066000e-02    1.145860e+00    6.733600e-01    2.206400e-01    1.188000e-02    1.934660e+00    6.856000e-02 
   7.288800e-01    3.607000e-01    2.804000e-02    6.172000e-01    2.256200e-01    1.606000e-02    5.392000e-02    2.000000e+00    2.000000e+00    9.481800e-01    7.253800e-01    3.697800e-01    2.066000e-02    1.145860e+00    6.733600e-01    2.206400e-01    1.188000e-02    1.934660e+00    6.856000e-02 
   7.333400e-01    3.660600e-01    2.878000e-02    6.211000e-01    2.297400e-01    1.648000e-02    5.438000e-02    2.000000e+00    2.000000e+00    9.481800e-01    7.253800e-01    3.697800e-01    2.066000e-02    1.145860e+00    6.733600e-01    2.206400e-01    1.188000e-02    1.934660e+00    6.856000e-02 
   7.377200e-01    3.716600e-01    2.942000e-02    6.247800e-01    2.337400e-01    1.682000e-02    5.506000e-02    2.000000e+00    2.000000e+00    9.481800e-01    7.253800e-01    3.697800e-01    2.066000e-02    1.145860e+00    6.733600e-01    2.206400e-01    1.188000e-02    1.934660e+00    6.856000e-02 
   7.416200e-01    3.767800e-01    3.014000e-02    6.289800e-01    2.377400e-01    1.744000e-02    5.580000e-02    2.000000e+00    2.000000e+00    9.481800e-01    7.253800e-01    3.697800e-01    2.066000e-02    1.145860e+00    6.733600e-01    2.206400e-01    1.188000e-02    1.934660e+00    6.856000e-02 
   7.447400e-01    3.822400e-01    3.112000e-02    6.331000e-01    2.416800e-01    1.792000e-02    5.652000e-02    2.000000e+00    2.000000e+00    9.481800e-01    7.253800e-01    3.697800e-01    2.066000e-02    1.145860e+00    6.733600e-01    2.206400e-01    1.188000e-02    1.934660e+00    6.856000e-02 
   7.489000e-01    3.879200e-01    3.178000e-02    6.368800e-01    2.460000e-01    1.860000e-02    5.708000e-02    2.000000e+00    2.000000e+00    9.481800e-01    7.253800e-01    3.697800e-01    2.066000e-02    1.145860e+00    6.733600e-01    2.206400e-01    1.188000e-02    1.934660e+00    6.856000e-02 
   7.529000e-01    3.933600e-01    3.272000e-02    6.408200e-01    2.500800e-01    1.912000e-02    5.766000e-02    2.000000e+00    2.000000e+00    9.481800e-01    7.253800e-01    3.697800e-01    2.066000e-02    1.145860e+00    6.733600e-01    2.206400e-01    1.188000e-02    1.934660e+00    6.856000e-02 
   7.564800e-01    3.984600e-01    3.352000e-02    6.447600e-01    2.540800e-01    1.970000e-02    5.820000e-02    2.000000e+00    2.000000e+00    9.481800e-01    7.253800e-01    3.697800e-01    2.066000e-02    1.145860e+00    6.733600e-01    2.206400e-01    1.188000e-02    1.934660e+00    6.856000e-02 
   7.603600e-01    4.034800e-01    3.434000e-02    6.482600e-01    2.577800e-01    2.060000e-02    5.882000e-02    2.000000e+00    2.000000e+00    9.481800e-01    7.253800e-01    3.697800e-01    2.066000e-02    1.145860e+00    6.733600e-01    2.206400e-01    1.188000e-02    1.934660e+00    6.856000e-02 
   7.640400e-01    4.089200e-01    3.532000e-02    6.517200e-01    2.616000e-01    2.108000e-02    5.968000e-02    2.000000e+00    2.000000e+00    9.481800e-01    7.253800e-01    3.697800e-01    2.066000e-02    1.145860e+00    6.733600e-01    2.206400e-01    1.188000e-02    1.934660e+00    6.856000e-02 
   7.676400e-01    4.140200e-01    3.634000e-02    6.555600e-01    2.658200e-01    2.156000e-02    6.036000e-02    2.000000e+00    2.000000e+00    9.481800e-01    7.253800e-01    3.697800e-01    2.066000e-02    1.145860e+00    6.733600e-01    2.206400e-01    1.188000e-02    1.934660e+00    6.856000e-02 
   7.710000e-01    4.193600e-01    3.732000e-02    6.594400e-01    2.697000e-01    2.200000e-02    6.100000e-02    2.000000e+00    2.000000e+00    9.481800e-01    7.253800e-01    3.697800e-01    2.066000e-02    1.145860e+00    6.733600e-01    2.206400e-01    1.188000e-02    1.934660e+00    6.856000e-02 
   7.744400e-01    4.249000e-01    3.830000e-02    6.636600e-01    2.736200e-01    2.264000e-02    6.170000e-02    2.000000e+00    2.000000e+00    9.481800e-01    7.253800e-01    3.697800e-01    2.066000e-02    1.145860e+00    6.733600e-01    2.206400e-01    1.188000e-02    1.934660e+00    6.856000e-02 
   7.783400e-01    4.301600e-01    3.938000e-02    6.675200e-01    2.774000e-01    2.302000e-02    6.246000e-02    2.001260e+00    2.000000e+00    9.483600e-01    7.258200e-01    3.703400e-01    2.074000e-02    1.146280e+00    6.738000e-01    2.210200e-01    1.190000e-02    1.935900e+00    6.858000e-02 
   7.818800e-01    4.352400e-01    4.036000e-02    6.714200e-01    2.817000e-01    2.348000e-02    6.310000e-02    2.010160e+00    2.000000e+00    9.499400e-01    7.291000e-01    3.740200e-01    2.110000e-02    1.149260e+00    6.772200e-01    2.233200e-01    1.218000e-02    1.944120e+00    6.926000e-02 
   7.851400e-01    4.403000e-01    4.128000e-02    6.748600e-01    2.857600e-01    2.408000e-02    6.370000e-02    2.034600e+00    2.000220e+00    9.550000e-01    7.377200e-01    3.838800e-01    2.210000e-02    1.157220e+00    6.868000e-01    2.298600e-01    1.278000e-02    1.967120e+00    7.072000e-02 
   7.885400e-01    4.451400e-01    4.230000e-02    6.786200e-01    2.895400e-01    2.460000e-02    6.444000e-02    2.083760e+00    2.004160e+00    9.649200e-01    7.556600e-01    4.038000e-01    2.410000e-02    1.172780e+00    7.065800e-01    2.428400e-01    1.402000e-02    2.013800e+00    7.326000e-02 
   7.917400e-01    4.515000e-01    4.356000e-02    6.823000e-01    2.936000e-01    2.522000e-02    6.494000e-02    2.164040e+00    2.020100e+00    9.817800e-01    7.829000e-01    4.376800e-01    2.768000e-02    1.199520e+00    7.378200e-01    2.641400e-01    1.594000e-02    2.088820e+00    7.862000e-02 
   7.949200e-01    4.564200e-01    4.472000e-02    6.865800e-01    2.971600e-01    2.586000e-02    6.548000e-02    2.280420e+00    2.055680e+00    1.004700e+00    8.237000e-01    4.866400e-01    3.304000e-02    1.235560e+00    7.846200e-01    2.961400e-01    1.916000e-02    2.197420e+00    8.650000e-02 
   7.982600e-01    4.609600e-01    4.580000e-02    6.898400e-01    3.014200e-01    2.638000e-02    6.620000e-02    2.422120e+00    2.119300e+00    1.034140e+00    8.717200e-01    5.460400e-01    4.012000e-02    1.279420e+00    8.410800e-01    3.355600e-01    2.312000e-02    2.329420e+00    9.632000e-02 
   8.016800e-01    4.663800e-01    4.668000e-02    6.927200e-01    3.046800e-01    2.702000e-02    6.676000e-02    2.571720e+00    2.219420e+00    1.063760e+00    9.239200e-01    6.102400e-01    4.730000e-02    1.325480e+00    8.996400e-01    3.778200e-01    2.762000e-02    2.468840e+00    1.067200e-01 
   8.045400e-01    4.710400e-01    4.768000e-02    6.962800e-01    3.084200e-01    2.766000e-02    6.736000e-02    2.716480e+00    2.349040e+00    1.092940e+00    9.730200e-01    6.731400e-01    5.368000e-02    1.370380e+00    9.560000e-01    4.200200e-01    3.194000e-02    2.604280e+00    1.162800e-01 
   8.075800e-01    4.768000e-01    4.862000e-02    6.996800e-01    3.122400e-01    2.838000e-02    6.790000e-02    2.833340e+00    2.496740e+00    1.116020e+00    1.012460e+00    7.243600e-01    6.010000e-02    1.404760e+00    1.002660e+00    4.553400e-01    3.510000e-02    2.713460e+00    1.240800e-01 
   8.108400e-01    4.820000e-01    4.980000e-02    7.031400e-01    3.159200e-01    2.906000e-02    6.848000e-02    2.914280e+00    2.645780e+00    1.131780e+00    1.040760e+00    7.598800e-01    6.448000e-02    1.429260e+00    1.035160e+00    4.793000e-01    3.758000e-02    2.788880e+00    1.297800e-01 
   8.135800e-01    4.872600e-01    5.080000e-02    7.060200e-01    3.202400e-01    2.974000e-02    6.906000e-02    2.963240e+00    2.779960e+00    1.141340e+00    1.056920e+00    7.826800e-01    6.730000e-02    1.443380e+00    1.055020e+00    4.944800e-01    3.918000e-02    2.834080e+00    1.338400e-01 
   8.162000e-01    4.919600e-01    5.188000e-02    7.091000e-01    3.243000e-01    3.048000e-02    6.978000e-02    2.988920e+00    2.879120e+00    1.146340e+00    1.065480e+00    7.942800e-01    6.876000e-02    1.451320e+00    1.065080e+00    5.026800e-01    4.000000e-02    2.857880e+00    1.359200e-01 
   8.190000e-01    4.962200e-01    5.288000e-02    7.122400e-01    3.282800e-01    3.104000e-02    7.044000e-02    2.998620e+00    2.941960e+00    1.148200e+00    1.068940e+00    7.987200e-01    6.934000e-02    1.454000e+00    1.069200e+00    5.058600e-01    4.030000e-02    2.866920e+00    1.366800e-01 
   8.215000e-01    5.013000e-01    5.382000e-02    7.155400e-01    3.328000e-01    3.158000e-02    7.098000e-02    3.000000e+00    2.978700e+00    1.148380e+00    1.069680e+00    7.992800e-01    6.946000e-02    1.454380e+00    1.069760e+00    5.065800e-01    4.038000e-02    2.868220e+00    1.367800e-01 
   8.243800e-01    5.058200e-01    5.480000e-02    7.189000e-01    3.368200e-01    3.232000e-02    7.158000e-02    3.000000e+00    2.995320e+00    1.148380e+00    1.069740e+00    7.993400e-01    6.946000e-02    1.454380e+00    1.069800e+00    5.065800e-01    4.038000e-02    2.868220e+00    1.368000e-01 
   8.273000e-01    5.101800e-01    5.612000e-02    7.219800e-01    3.409600e-01    3.304000e-02    7.218000e-02    3.000000e+00    2.999840e+00    1.148380e+00    1.069740e+00    7.993400e-01    6.946000e-02    1.454380e+00    1.069800e+00    5.065800e-01    4.038000e-02    2.868220e+00    1.368000e-01 
   8.301600e-01    5.146400e-01    5.716000e-02    7.249200e-01    3.444000e-01    3.380000e-02    7.298000e-02    3.000000e+00    3.000000e+00    1.148380e+00    1.069740e+00    7.993400e-01    6.946000e-02    1.454380e+00    1.069800e+00    5.065800e-01    4.038000e-02    2.868220e+00    1.368000e-01 
   8.326200e-01    5.194400e-01    5.836000e-02    7.277600e-01    3.485000e-01    3.448000e-02    7.368000e-02    3.000000e+00    3.000000e+00    1.148380e+00    1.069740e+00    7.993400e-01    6.946000e-02    1.454380e+00    1.069800e+00    5.065800e-01    4.038000e-02    2.868220e+00    1.368000e-01 
   8.351000e-01    5.243600e-01    5.962000e-02    7.309600e-01    3.528800e-01    3.518000e-02    7.424000e-02    3.000000e+00    3.000000e+00    1.148380e+00    1.069740e+00    7.993400e-01    6.946000e-02    1.454380e+00    1.069800e+00    5.065800e-01    4.038000e-02    2.868220e+00    1.368000e-01 
   8.379600e-01    5.290600e-01    6.060000e-02    7.338800e-01    3.567600e-01    3.572000e-02    7.460000e-02    3.000000e+00    3.000000e+00    1.148380e+00    1.069740e+00    7.993400e-01    6.946000e-02    1.454380e+00    1.069800e+00    5.065800e-01    4.038000e-02    2.868220e+00    1.368000e-01 
   8.406800e-01    5.335400e-01    6.186000e-02    7.366400e-01    3.604400e-01    3.650000e-02    7.526000e-02    3.000000e+00    3.000000e+00    1.148380e+00    1.069740e+00    7.993400e-01    6.946000e-02    1.454380e+00    1.069800e+00    5.065800e-01    4.038000e-02    2.868220e+00    1.368000e-01 
   8.430800e-01    5.378000e-01    6.312000e-02    7.392600e-01    3.643400e-01    3.708000e-02    7.570000e-02    3.000000e+00    3.000000e+00    1.148380e+00    1.069740e+00    7.993400e-01    6.946000e-02    1.454380e+00    1.069800e+00    5.065800e-01    4.038000e-02    2.868220e+00    1.368000e-01 
   8.457200e-01    5.423000e-01    6.408000e-02    7.422800e-01    3.677800e-01    3.804000e-02    7.630000e-02    3.000000e+00    3.000000e+00    1.148380e+00    1.069740e+00    7.993400e-01    6.946000e-02    1.454380e+00    1.069800e+00    5.065800e-01    4.038000e-02    2.868220e+00    1.368000e-01 
   8.482000e-01    5.467000e-01    6.528000e-02    7.453400e-01    3.716200e-01    3.886000e-02    7.700000e-02    3.000000e+00    3.000000e+00    1.148380e+00    1.069740e+00    7.993400e-01    6.946000e-02    1.454380e+00    1.069800e+00    5.065800e-01    4.038000e-02    2.868220e+00    1.368000e-01 
   8.504600e-01    5.511200e-01    6.648000e-02    7.483800e-01    3.752000e-01    3.956000e-02    7.788000e-02    3.000000e+00    3.000000e+00    1.148380e+00    1.069740e+00    7.993400e-01    6.946000e-02    1.454380e+00    1.069800e+00    5.065800e-01    4.038000e-02    2.868220e+00    1.368000e-01 
   8.523600e-01    5.557200e-01    6.756000e-02    7.514600e-01    3.787200e-01    4.018000e-02    7.844000e-02    3.000000e+00    3.000000e+00    1.148380e+00    1.069740e+00    7.993400e-01    6.946000e-02    1.454380e+00    1.069800e+00    5.065800e-01    4.038000e-02    2.868220e+00    1.368000e-01 
   8.546600e-01    5.601400e-01    6.858000e-02    7.540400e-01    3.828000e-01    4.102000e-02    7.904000e-02    3.000000e+00    3.000000e+00    1.148380e+00    1.069740e+00    7.993400e-01    6.946000e-02    1.454380e+00    1.069800e+00    5.065800e-01    4.038000e-02    2.868220e+00    1.368000e-01 
   8.568000e-01    5.641800e-01    6.976000e-02    7.572000e-01    3.869800e-01    4.182000e-02    7.980000e-02    3.000000e+00    3.000000e+00    1.148380e+00    1.069740e+00    7.993400e-01    6.946000e-02    1.454380e+00    1.069800e+00    5.065800e-01    4.038000e-02    2.868220e+00    1.368000e-01 
   8.590800e-01    5.686800e-01    7.088000e-02    7.598400e-01    3.906000e-01    4.284000e-02    8.038000e-02    3.000000e+00    3.000000e+00    1.148380e+00    1.069740e+00    7.993400e-01    6.946000e-02    1.454380e+00    1.069800e+00    5.065800e-01    4.038000e-02    2.868220e+00    1.368000e-01 
   8.614000e-01    5.728200e-01    7.224000e-02    7.625200e-01    3.938800e-01    4.364000e-02    8.100000e-02    3.000000e+00    3.000000e+00    1.148380e+00    1.069740e+00    7.993400e-01    6.946000e-02    1.454380e+00    1.069800e+00    5.065800e-01    4.038000e-02    2.868220e+00    1.368000e-01 
   8.636800e-01    5.775000e-01    7.336000e-02    7.653000e-01    3.982000e-01    4.464000e-02    8.156000e-02    3.000000e+00    3.000000e+00    1.148380e+00    1.069740e+00    7.993400e-01    6.946000e-02    1.454380e+00    1.069800e+00    5.065800e-01    4.038000e-02    2.868220e+00    1.368000e-01 
   8.659000e-01    5.820000e-01    7.422000e-02    7.679400e-01    4.022600e-01    4.530000e-02    8.226000e-02    3.000000e+00    3.000000e+00    1.148380e+00    1.069740e+00    7.993400e-01    6.946000e-02    1.454380e+00    1.069800e+00    5.065800e-01    4.038000e-02    2.868220e+00    1.368000e-01 
   8.680800e-01    5.856800e-01    7.548000e-02    7.707400e-01    4.062200e-01    4.594000e-02    8.292000e-02    3.000460e+00    3.000000e+00    1.148420e+00    1.069860e+00    7.996000e-01    6.950000e-02    1.454440e+00    1.070000e+00    5.067800e-01    4.038000e-02    2.868660e+00    1.368200e-01 
   8.703000e-01    5.900400e-01    7.684000e-02    7.735400e-01    4.099600e-01    4.654000e-02    8.342000e-02    3.002380e+00    3.000000e+00    1.148620e+00    1.070320e+00    8.007200e-01    6.964000e-02    1.454900e+00    1.070580e+00    5.075800e-01    4.046000e-02    2.870400e+00    1.370000e-01 
   8.724200e-01    5.942600e-01    7.806000e-02    7.763800e-01    4.133600e-01    4.724000e-02    8.396000e-02    3.009320e+00    3.000120e+00    1.149360e+00    1.072320e+00    8.043000e-01    7.030000e-02    1.456460e+00    1.073320e+00    5.098600e-01    4.084000e-02    2.876840e+00    1.375200e-01 
   8.746000e-01    5.980200e-01    7.962000e-02    7.788000e-01    4.171000e-01    4.788000e-02    8.476000e-02    3.026120e+00    3.001080e+00    1.151320e+00    1.077060e+00    8.130800e-01    7.184000e-02    1.460180e+00    1.079700e+00    5.158400e-01    4.166000e-02    2.892200e+00    1.389800e-01 
   8.765200e-01    6.026000e-01    8.076000e-02    7.811200e-01    4.206200e-01    4.860000e-02    8.522000e-02    3.060180e+00    3.004900e+00    1.155580e+00    1.086040e+00    8.315000e-01    7.466000e-02    1.467480e+00    1.092220e+00    5.291200e-01    4.298000e-02    2.923200e+00    1.421000e-01 
   8.782400e-01    6.069800e-01    8.202000e-02    7.836000e-01    4.241800e-01    4.944000e-02    8.588000e-02    3.116420e+00    3.016580e+00    1.162120e+00    1.102080e+00    8.610800e-01    7.922000e-02    1.479580e+00    1.112320e+00    5.509200e-01    4.564000e-02    2.974160e+00    1.474400e-01 
   8.801000e-01    6.107600e-01    8.306000e-02    7.863400e-01    4.278200e-01    5.026000e-02    8.654000e-02    3.198320e+00    3.040620e+00    1.171920e+00    1.124900e+00    9.048400e-01    8.560000e-02    1.496820e+00    1.142580e+00    5.815400e-01    5.038000e-02    3.049540e+00    1.541000e-01 
   8.820000e-01    6.144200e-01    8.422000e-02    7.887200e-01    4.314600e-01    5.106000e-02    8.716000e-02    3.304260e+00    3.084720e+00    1.184500e+00    1.153380e+00    9.618200e-01    9.482000e-02    1.519660e+00    1.180220e+00    6.219800e-01    5.640000e-02    3.145980e+00    1.637600e-01 
   8.841000e-01    6.184000e-01    8.556000e-02    7.910200e-01    4.349200e-01    5.202000e-02    8.778000e-02    3.429800e+00    3.153100e+00    1.198080e+00    1.186940e+00    1.030500e+00    1.064200e-01    1.547200e+00    1.224780e+00    6.702200e-01    6.304000e-02    3.260900e+00    1.745400e-01 
   8.861800e-01    6.223800e-01    8.656000e-02    7.930800e-01    4.386600e-01    5.292000e-02    8.836000e-02    3.563360e+00    3.247680e+00    1.213280e+00    1.223380e+00    1.103140e+00    1.181600e-01    1.574800e+00    1.273000e+00    7.226600e-01    7.040000e-02    3.382740e+00    1.864600e-01 
   8.881800e-01    6.262600e-01    8.766000e-02    7.957800e-01    4.418000e-01    5.382000e-02    8.902000e-02    3.690040e+00    3.366360e+00    1.227720e+00    1.257260e+00    1.172380e+00    1.295800e-01    1.599860e+00    1.319820e+00    7.727800e-01    7.734000e-02    3.498280e+00    1.978000e-01 
   8.899000e-01    6.295200e-01    8.908000e-02    7.982200e-01    4.448800e-01    5.452000e-02    8.948000e-02    3.797980e+00    3.496180e+00    1.240900e+00    1.285920e+00    1.231080e+00    1.388600e-01    1.622520e+00    1.357560e+00    8.165000e-01    8.308000e-02    3.596720e+00    2.074600e-01 
   8.914600e-01    6.332000e-01    9.000000e-02    8.004000e-01    4.485000e-01    5.518000e-02    9.006000e-02    3.881860e+00    3.626600e+00    1.250680e+00    1.306760e+00    1.278080e+00    1.468600e-01    1.639620e+00    1.388660e+00    8.497400e-01    8.720000e-02    3.673240e+00    2.149200e-01 
   8.929800e-01    6.373400e-01    9.148000e-02    8.021200e-01    4.523200e-01    5.616000e-02    9.066000e-02    3.938920e+00    3.746840e+00    1.257180e+00    1.322180e+00    1.309100e+00    1.524600e-01    1.649920e+00    1.409200e+00    8.740800e-01    9.058000e-02    3.725100e+00    2.202000e-01 
   8.945400e-01    6.411000e-01    9.272000e-02    8.043600e-01    4.556600e-01    5.700000e-02    9.140000e-02    3.972520e+00    3.842600e+00    1.260660e+00    1.331340e+00    1.327980e+00    1.556800e-01    1.656280e+00    1.421580e+00    8.874600e-01    9.302000e-02    3.755380e+00    2.236600e-01 
   8.960400e-01    6.443400e-01    9.410000e-02    8.068400e-01    4.594200e-01    5.788000e-02    9.206000e-02    3.990360e+00    3.913960e+00    1.262360e+00    1.336460e+00    1.337820e+00    1.574800e-01    1.660380e+00    1.427000e+00    8.955400e-01    9.392000e-02    3.771380e+00    2.255600e-01 
   8.976200e-01    6.480400e-01    9.554000e-02    8.092800e-01    4.627600e-01    5.878000e-02    9.268000e-02    3.997560e+00    3.958660e+00    1.263300e+00    1.338620e+00    1.341500e+00    1.583400e-01    1.661820e+00    1.429440e+00    8.987200e-01    9.446000e-02    3.777900e+00    2.262600e-01 
   8.992800e-01    6.516600e-01    9.736000e-02    8.115000e-01    4.660800e-01    5.968000e-02    9.318000e-02    3.999520e+00    3.983240e+00    1.263380e+00    1.339360e+00    1.342620e+00    1.585800e-01    1.662180e+00    1.430280e+00    8.996000e-01    9.460000e-02    3.779760e+00    2.263800e-01 
   9.007600e-01    6.547600e-01    9.852000e-02    8.136800e-01    4.696600e-01    6.026000e-02    9.360000e-02    4.000000e+00    3.995060e+00    1.263380e+00    1.339480e+00    1.342980e+00    1.586000e-01    1.662240e+00    1.430440e+00    8.998200e-01    9.468000e-02    3.780200e+00    2.264200e-01 
   9.024400e-01    6.584000e-01    9.996000e-02    8.156800e-01    4.729000e-01    6.102000e-02    9.438000e-02    4.000000e+00    3.999020e+00    1.263380e+00    1.339500e+00    1.342980e+00    1.586000e-01    1.662240e+00    1.430440e+00    8.998200e-01    9.468000e-02    3.780200e+00    2.264200e-01 
   9.037400e-01    6.625000e-01    1.012800e-01    8.178600e-01    4.760800e-01    6.202000e-02    9.494000e-02    4.000000e+00    3.999920e+00    1.263380e+00    1.339500e+00    1.342980e+00    1.586000e-01    1.662240e+00    1.430440e+00    8.998200e-01    9.468000e-02    3.780200e+00    2.264200e-01 
   9.048800e-01    6.661600e-01    1.024800e-01    8.198000e-01    4.790400e-01    6.294000e-02    9.556000e-02    4.000000e+00    4.000000e+00    1.263380e+00    1.339500e+00    1.342980e+00    1.586000e-01    1.662240e+00    1.430440e+00    8.998200e-01    9.468000e-02    3.780200e+00    2.264200e-01 
   9.063000e-01    6.693200e-01    1.039600e-01    8.219800e-01    4.825400e-01    6.390000e-02    9.612000e-02    4.000000e+00    4.000000e+00    1.263380e+00    1.339500e+00    1.342980e+00    1.586000e-01    1.662240e+00    1.430440e+00    8.998200e-01    9.468000e-02    3.780200e+00    2.264200e-01 
   9.077600e-01    6.729400e-01    1.055400e-01    8.241200e-01    4.860200e-01    6.484000e-02    9.662000e-02    4.000000e+00    4.000000e+00    1.263380e+00    1.339500e+00    1.342980e+00    1.586000e-01    1.662240e+00    1.430440e+00    8.998200e-01    9.468000e-02    3.780200e+00    2.264200e-01 
   9.092400e-01    6.761600e-01    1.068400e-01    8.259000e-01    4.893800e-01    6.564000e-02    9.732000e-02    4.000000e+00    4.000000e+00    1.263380e+00    1.339500e+00    1.342980e+00    1.586000e-01    1.662240e+00    1.430440e+00    8.998200e-01    9.468000e-02    3.780200e+00    2.264200e-01 
   9.107600e-01    6.794400e-01    1.082800e-01    8.281000e-01    4.927200e-01    6.686000e-02    9.774000e-02    4.000000e+00    4.000000e+00    1.263380e+00    1.339500e+00    1.342980e+00    1.586000e-01    1.662240e+00    1.430440e+00    8.998200e-01    9.468000e-02    3.780200e+00    2.264200e-01 
   9.121800e-01    6.829200e-01    1.097000e-01    8.302200e-01    4.964800e-01    6.798000e-02    9.824000e-02    4.000000e+00    4.000000e+00    1.263380e+00    1.339500e+00    1.342980e+00    1.586000e-01    1.662240e+00    1.430440e+00    8.998200e-01    9.468000e-02    3.780200e+00    2.264200e-01 
   9.135400e-01    6.861800e-01    1.109400e-01    8.320400e-01    5.000600e-01    6.922000e-02    9.886000e-02    4.000000e+00    4.000000e+00    1.263380e+00    1.339500e+00    1.342980e+00    1.586000e-01    1.662240e+00    1.430440e+00    8.998200e-01    9.468000e-02    3.780200e+00    2.264200e-01 
   9.148400e-01    6.894400e-01    1.120200e-01    8.337000e-01    5.034800e-01    7.020000e-02    9.948000e-02    4.000000e+00    4.000000e+00    1.263380e+00    1.339500e+00    1.342980e+00    1.586000e-01    1.662240e+00    1.430440e+00    8.998200e-01    9.468000e-02    3.780200e+00    2.264200e-01 
   9.158200e-01    6.928000e-01    1.133600e-01    8.354600e-01    5.068800e-01    7.126000e-02    1.000200e-01    4.000000e+00    4.000000e+00    1.263380e+00    1.339500e+00    1.342980e+00    1.586000e-01    1.662240e+00    1.430440e+00    8.998200e-01    9.468000e-02    3.780200e+00    2.264200e-01 
   9.173600e-01    6.958200e-01    1.149400e-01    8.374200e-01    5.096600e-01    7.220000e-02    1.006000e-01    4.000000e+00    4.000000e+00    1.263380e+00    1.339500e+00    1.342980e+00    1.586000e-01    1.662240e+00    1.430440e+00    8.998200e-01    9.468000e-02    3.780200e+00    2.264200e-01 
   9.185400e-01    6.990800e-01    1.163400e-01    8.393000e-01    5.127400e-01    7.294000e-02    1.011800e-01    4.000000e+00    4.000000e+00    1.263380e+00    1.339500e+00    1.342980e+00    1.586000e-01    1.662240e+00    1.430440e+00    8.998200e-01    9.468000e-02    3.780200e+00    2.264200e-01 
   9.196800e-01    7.029000e-01    1.177400e-01    8.411800e-01    5.157400e-01    7.390000e-02    1.016000e-01    4.000000e+00    4.000000e+00    1.263380e+00    1.339500e+00    1.342980e+00    1.586000e-01    1.662240e+00    1.430440e+00    8.998200e-01    9.468000e-02    3.780200e+00    2.264200e-01 
   9.210000e-01    7.062200e-01    1.189800e-01    8.429000e-01    5.187000e-01    7.466000e-02    1.022800e-01    4.000100e+00    4.000000e+00    1.263380e+00    1.339540e+00    1.343040e+00    1.586000e-01    1.662260e+00    1.430480e+00    8.998600e-01    9.468000e-02    3.780300e+00    2.264200e-01 
   9.221600e-01    7.096800e-01    1.206000e-01    8.450000e-01    5.220600e-01    7.556000e-02    1.029200e-01    4.000580e+00    4.000000e+00    1.263380e+00    1.339660e+00    1.343300e+00    1.587000e-01    1.662300e+00    1.430600e+00    9.001200e-01    9.474000e-02    3.780740e+00    2.264600e-01 
   9.233400e-01    7.130600e-01    1.222000e-01    8.472000e-01    5.247800e-01    7.642000e-02    1.034400e-01    4.002620e+00    4.000000e+00    1.263520e+00    1.339980e+00    1.344680e+00    1.589000e-01    1.662520e+00    1.431360e+00    9.011000e-01    9.482000e-02    3.782480e+00    2.267600e-01 
   9.246600e-01    7.165200e-01    1.233600e-01    8.486200e-01    5.282400e-01    7.744000e-02    1.040600e-01    4.008400e+00    4.000260e+00    1.263960e+00    1.341140e+00    1.348300e+00    1.595000e-01    1.663180e+00    1.433220e+00    9.039200e-01    9.526000e-02    3.787640e+00    2.273800e-01 
   9.259400e-01    7.196400e-01    1.247200e-01    8.502000e-01    5.314800e-01    7.846000e-02    1.046000e-01    4.020320e+00    4.001360e+00    1.264820e+00    1.343640e+00    1.355380e+00    1.610000e-01    1.665220e+00    1.436920e+00    9.094200e-01    9.598000e-02    3.798260e+00    2.286800e-01 
   9.269400e-01    7.226800e-01    1.260800e-01    8.519000e-01    5.348000e-01    7.962000e-02    1.049800e-01    4.043040e+00    4.004980e+00    1.266600e+00    1.347740e+00    1.369360e+00    1.639400e-01    1.668120e+00    1.444800e+00    9.198600e-01    9.766000e-02    3.818180e+00    2.314800e-01 
   9.279800e-01    7.257400e-01    1.275000e-01    8.534000e-01    5.379000e-01    8.056000e-02    1.056800e-01    4.083480e+00    4.013320e+00    1.269160e+00    1.356060e+00    1.393720e+00    1.694400e-01    1.674160e+00    1.457700e+00    9.382400e-01    1.012000e-01    3.854860e+00    2.353000e-01 
   9.291000e-01    7.285200e-01    1.291600e-01    8.550400e-01    5.410400e-01    8.130000e-02    1.062400e-01    4.142400e+00    4.030320e+00    1.273600e+00    1.367520e+00    1.429040e+00    1.776600e-01    1.683220e+00    1.475760e+00    9.660600e-01    1.056000e-01    3.907260e+00    2.418600e-01 
   9.302800e-01    7.316200e-01    1.307800e-01    8.566400e-01    5.442000e-01    8.222000e-02    1.068600e-01    4.220760e+00    4.061060e+00    1.278460e+00    1.383660e+00    1.476920e+00    1.880000e-01    1.694320e+00    1.501040e+00    1.001900e+00    1.124400e-01    3.977460e+00    2.501400e-01 
   9.316600e-01    7.346400e-01    1.324800e-01    8.583800e-01    5.477400e-01    8.324000e-02    1.072600e-01    4.322780e+00    4.110840e+00    1.285240e+00    1.404240e+00    1.539120e+00    2.019200e-01    1.708760e+00    1.533420e+00    1.048880e+00    1.218200e-01    4.069260e+00    2.604200e-01 
   9.326600e-01    7.377200e-01    1.337200e-01    8.600600e-01    5.510200e-01    8.408000e-02    1.079400e-01    4.436640e+00    4.179400e+00    1.292900e+00    1.427360e+00    1.606940e+00    2.184000e-01    1.725120e+00    1.569620e+00    1.102500e+00    1.307800e-01    4.171200e+00    2.725400e-01 
   9.336600e-01    7.409200e-01    1.353600e-01    8.617000e-01    5.544800e-01    8.496000e-02    1.086000e-01    4.555300e+00    4.269840e+00    1.300600e+00    1.450280e+00    1.680260e+00    2.346200e-01    1.741780e+00    1.605180e+00    1.159660e+00    1.417800e-01    4.277260e+00    2.853200e-01 
   9.350200e-01    7.435200e-01    1.369200e-01    8.633000e-01    5.576200e-01    8.608000e-02    1.090800e-01    4.670320e+00    4.378520e+00    1.308380e+00    1.472760e+00    1.751020e+00    2.501000e-01    1.757180e+00    1.641260e+00    1.214260e+00    1.523200e-01    4.379580e+00    2.981800e-01 
   9.358600e-01    7.468800e-01    1.382200e-01    8.649600e-01    5.606400e-01    8.704000e-02    1.095600e-01    4.773020e+00    4.495900e+00    1.315440e+00    1.492640e+00    1.814240e+00    2.642600e-01    1.771040e+00    1.673680e+00    1.264020e+00    1.607400e-01    4.470580e+00    3.100200e-01 
   9.368600e-01    7.498800e-01    1.395000e-01    8.664000e-01    5.634600e-01    8.792000e-02    1.100000e-01    4.856000e+00    4.614760e+00    1.320720e+00    1.508380e+00    1.865980e+00    2.756800e-01    1.782220e+00    1.698000e+00    1.305120e+00    1.684000e-01    4.544040e+00    3.195600e-01 
   9.377400e-01    7.519400e-01    1.409200e-01    8.682200e-01    5.665800e-01    8.874000e-02    1.105000e-01    4.915320e+00    4.723880e+00    1.324880e+00    1.519300e+00    1.902120e+00    2.846200e-01    1.790100e+00    1.716560e+00    1.334440e+00    1.733400e-01    4.597160e+00    3.258800e-01 
   9.388200e-01    7.548600e-01    1.427000e-01    8.696800e-01    5.694200e-01    8.950000e-02    1.110000e-01    4.955460e+00    4.816660e+00    1.327300e+00    1.527160e+00    1.927420e+00    2.902600e-01    1.795480e+00    1.729500e+00    1.353880e+00    1.767600e-01    4.632240e+00    3.310200e-01 
   9.397600e-01    7.575000e-01    1.442200e-01    8.709200e-01    5.727600e-01    9.046000e-02    1.116400e-01    4.979280e+00    4.888220e+00    1.328740e+00    1.531860e+00    1.942340e+00    2.935800e-01    1.798440e+00    1.736620e+00    1.365600e+00    1.794000e-01    4.653560e+00    3.335400e-01 
   9.403600e-01    7.599800e-01    1.457200e-01    8.721800e-01    5.760800e-01    9.152000e-02    1.122200e-01    4.992380e+00    4.937340e+00    1.329520e+00    1.534540e+00    1.950360e+00    2.955200e-01    1.800120e+00    1.740580e+00    1.372220e+00    1.807200e-01    4.665260e+00    3.349800e-01 
   9.410200e-01    7.624800e-01    1.474400e-01    8.736400e-01    5.789600e-01    9.258000e-02    1.127400e-01    4.997420e+00    4.968340e+00    1.329840e+00    1.535680e+00    1.953300e+00    2.962800e-01    1.800800e+00    1.742180e+00    1.374740e+00    1.812000e-01    4.669740e+00    3.356000e-01 
   9.418600e-01    7.654600e-01    1.490200e-01    8.751600e-01    5.818000e-01    9.366000e-02    1.136400e-01    4.999240e+00    4.987580e+00    1.329940e+00    1.536000e+00    1.954320e+00    2.967400e-01    1.801100e+00    1.742820e+00    1.375520e+00    1.814000e-01    4.671440e+00    3.357200e-01 
   9.427600e-01    7.679400e-01    1.504200e-01    8.767400e-01    5.849000e-01    9.484000e-02    1.143400e-01    4.999880e+00    4.995500e+00    1.329940e+00    1.536140e+00    1.954740e+00    2.968200e-01    1.801100e+00    1.743060e+00    1.375880e+00    1.815000e-01    4.672020e+00    3.357800e-01 
   9.437200e-01    7.707800e-01    1.519800e-01    8.781000e-01    5.879000e-01    9.588000e-02    1.150600e-01    5.000000e+00    4.998500e+00    1.329940e+00    1.536140e+00    1.954840e+00    2.968400e-01    1.801120e+00    1.743080e+00    1.375960e+00    1.815200e-01    4.672140e+00    3.358000e-01 
   9.445000e-01    7.732800e-01    1.532000e-01    8.793200e-01    5.908600e-01    9.692000e-02    1.156600e-01    5.000000e+00    4.999740e+00    1.329940e+00    1.536140e+00    1.954840e+00    2.968400e-01    1.801120e+00    1.743080e+00    1.375960e+00    1.815200e-01    4.672140e+00    3.358000e-01 
   9.450000e-01    7.759200e-01    1.548200e-01    8.807600e-01    5.942600e-01    9.796000e-02    1.163000e-01    5.000000e+00    4.999920e+00    1.329940e+00    1.536140e+00    1.954840e+00    2.968400e-01    1.801120e+00    1.743080e+00    1.375960e+00    1.815200e-01    4.672140e+00    3.358000e-01 
   9.458200e-01    7.783400e-01    1.561000e-01    8.819400e-01    5.970600e-01    9.900000e-02    1.168400e-01    5.000000e+00    5.000000e+00    1.329940e+00    1.536140e+00    1.954840e+00    2.968400e-01    1.801120e+00    1.743080e+00    1.375960e+00    1.815200e-01    4.672140e+00    3.358000e-01 
   9.467000e-01    7.804600e-01    1.575800e-01    8.830400e-01    6.002200e-01    1.001800e-01    1.173800e-01    5.000000e+00    5.000000e+00    1.329940e+00    1.536140e+00    1.954840e+00    2.968400e-01    1.801120e+00    1.743080e+00    1.375960e+00    1.815200e-01    4.672140e+00    3.358000e-01 
   9.472600e-01    7.827200e-01    1.594000e-01    8.843600e-01    6.028400e-01    1.014000e-01    1.180800e-01    5.000000e+00    5.000000e+00    1.329940e+00    1.536140e+00    1.954840e+00    2.968400e-01    1.801120e+00    1.743080e+00    1.375960e+00    1.815200e-01    4.672140e+00    3.358000e-01 
   9.481000e-01    7.851800e-01    1.609600e-01    8.857600e-01    6.056600e-01    1.023000e-01    1.186400e-01    5.000000e+00    5.000000e+00    1.329940e+00    1.536140e+00    1.954840e+00    2.968400e-01    1.801120e+00    1.743080e+00    1.375960e+00    1.815200e-01    4.672140e+00    3.358000e-01 
   9.489800e-01    7.876800e-01    1.624600e-01    8.870400e-01    6.085400e-01    1.033600e-01    1.193600e-01    5.000000e+00    5.000000e+00    1.329940e+00    1.536140e+00    1.954840e+00    2.968400e-01    1.801120e+00    1.743080e+00    1.375960e+00    1.815200e-01    4.672140e+00    3.358000e-01 
   9.499200e-01    7.901000e-01    1.639800e-01    8.884000e-01    6.113200e-01    1.041800e-01    1.201200e-01    5.000000e+00    5.000000e+00    1.329940e+00    1.536140e+00    1.954840e+00    2.968400e-01    1.801120e+00    1.743080e+00    1.375960e+00    1.815200e-01    4.672140e+00    3.358000e-01 
   9.505400e-01    7.925400e-01    1.652600e-01    8.896000e-01    6.140000e-01    1.055600e-01    1.205600e-01    5.000000e+00    5.000000e+00    1.329940e+00    1.536140e+00    1.954840e+00    2.968400e-01    1.801120e+00    1.743080e+00    1.375960e+00    1.815200e-01    4.672140e+00    3.358000e-01 
   9.512200e-01    7.951800e-01    1.668400e-01    8.909800e-01    6.167800e-01    1.065000e-01    1.213600e-01    5.000000e+00    5.000000e+00    1.329940e+00    1.536140e+00    1.954840e+00    2.968400e-01    1.801120e+00    1.743080e+00    1.375960e+00    1.815200e-01    4.672140e+00    3.358000e-01 
   9.521000e-01    7.975600e-01    1.680400e-01    8.922600e-01    6.192000e-01    1.075600e-01    1.219200e-01    5.000000e+00    5.000000e+00    1.329940e+00    1.536140e+00    1.954840e+00    2.968400e-01    1.801120e+00    1.743080e+00    1.375960e+00    1.815200e-01    4.672140e+00    3.358000e-01 
   9.527600e-01    8.001000e-01    1.698600e-01    8.934000e-01    6.217400e-01    1.085400e-01    1.224800e-01    5.000120e+00    5.000000e+00    1.329940e+00    1.536160e+00    1.954920e+00    2.968600e-01    1.801120e+00    1.743100e+00    1.376020e+00    1.815600e-01    4.672240e+00    3.358200e-01 
   9.534600e-01    8.022400e-01    1.714400e-01    8.946800e-01    6.245200e-01    1.094800e-01    1.229800e-01    5.000540e+00    5.000000e+00    1.329940e+00    1.536220e+00    1.955260e+00    2.969000e-01    1.801160e+00    1.743200e+00    1.376240e+00    1.816200e-01    4.672560e+00    3.359200e-01 
   9.541600e-01    8.050200e-01    1.734200e-01    8.959600e-01    6.271800e-01    1.109800e-01    1.236200e-01    5.002480e+00    5.000040e+00    1.330040e+00    1.536440e+00    1.956480e+00    2.973400e-01    1.801300e+00    1.743600e+00    1.377440e+00    1.818200e-01    4.674220e+00    3.362000e-01 
   9.549000e-01    8.070800e-01    1.747200e-01    8.970800e-01    6.301200e-01    1.120600e-01    1.240400e-01    5.006820e+00    5.000240e+00    1.330280e+00    1.537080e+00    1.959180e+00    2.981000e-01    1.801760e+00    1.744640e+00    1.379840e+00    1.823000e-01    4.678040e+00    3.367200e-01 
   9.557200e-01    8.091800e-01    1.764200e-01    8.983400e-01    6.330800e-01    1.131000e-01    1.245800e-01    5.015600e+00    5.001320e+00    1.330560e+00    1.538240e+00    1.964840e+00    2.998400e-01    1.802680e+00    1.746980e+00    1.384400e+00    1.832600e-01    4.685760e+00    3.377800e-01 
   9.564800e-01    8.115200e-01    1.778400e-01    8.991800e-01    6.358800e-01    1.145800e-01    1.251200e-01    5.032020e+00    5.004280e+00    1.331260e+00    1.540700e+00    1.975280e+00    3.027600e-01    1.804420e+00    1.751400e+00    1.393420e+00    1.845800e-01    4.700140e+00    3.398200e-01 
   9.572000e-01    8.141400e-01    1.793600e-01    9.001200e-01    6.383800e-01    1.157400e-01    1.256600e-01    5.060400e+00    5.010460e+00    1.332420e+00    1.544440e+00    1.994080e+00    3.076000e-01    1.807220e+00    1.759580e+00    1.407700e+00    1.878600e-01    4.724660e+00    3.436800e-01 
   9.578600e-01    8.162200e-01    1.810600e-01    9.013400e-01    6.410000e-01    1.169000e-01    1.261600e-01    5.102900e+00    5.022740e+00    1.334140e+00    1.550600e+00    2.020740e+00    3.159400e-01    1.811620e+00    1.770300e+00    1.430100e+00    1.931000e-01    4.761920e+00    3.489200e-01 
   9.583800e-01    8.182400e-01    1.830200e-01    9.024800e-01    6.435800e-01    1.179800e-01    1.267000e-01    5.164500e+00    5.044800e+00    1.336500e+00    1.559260e+00    2.060660e+00    3.271600e-01    1.817620e+00    1.786460e+00    1.462200e+00    2.009200e-01    4.816020e+00    3.564600e-01 
   9.591000e-01    8.202800e-01    1.844600e-01    9.035000e-01    6.457400e-01    1.191200e-01    1.273400e-01    5.241660e+00    5.080080e+00    1.339840e+00    1.569780e+00    2.109700e+00    3.418800e-01    1.824860e+00    1.806400e+00    1.503220e+00    2.104400e-01    4.883560e+00    3.661800e-01 
   9.596200e-01    8.223600e-01    1.859800e-01    9.046600e-01    6.484600e-01    1.203000e-01    1.279000e-01    5.335540e+00    5.131200e+00    1.343620e+00    1.582100e+00    2.170020e+00    3.602200e-01    1.833800e+00    1.830380e+00    1.553580e+00    2.222000e-01    4.965980e+00    3.777800e-01 
   9.602000e-01    8.243000e-01    1.874600e-01    9.058200e-01    6.511200e-01    1.212200e-01    1.285800e-01    5.440180e+00    5.201200e+00    1.347360e+00    1.597100e+00    2.236940e+00    3.802600e-01    1.844120e+00    1.857100e+00    1.609940e+00    2.346600e-01    5.057220e+00    3.913000e-01 
   9.610200e-01    8.266400e-01    1.890400e-01    9.067600e-01    6.534800e-01    1.223200e-01    1.294400e-01    5.552340e+00    5.288100e+00    1.351580e+00    1.612700e+00    2.308080e+00    4.025400e-01    1.855000e+00    1.886100e+00    1.669240e+00    2.486600e-01    5.155700e+00    4.052000e-01 
   9.615600e-01    8.285800e-01    1.905200e-01    9.079400e-01    6.562000e-01    1.231600e-01    1.299000e-01    5.659000e+00    5.386540e+00    1.356160e+00    1.627480e+00    2.376840e+00    4.219200e-01    1.864360e+00    1.913780e+00    1.727980e+00    2.608800e-01    5.247340e+00    4.203400e-01 
   9.621400e-01    8.308000e-01    1.921600e-01    9.092800e-01    6.587600e-01    1.243400e-01    1.304800e-01    5.753200e+00    5.496220e+00    1.359760e+00    1.639760e+00    2.438960e+00    4.394800e-01    1.873120e+00    1.937280e+00    1.779540e+00    2.726000e-01    5.329180e+00    4.328400e-01 
   9.626800e-01    8.330800e-01    1.936400e-01    9.103200e-01    6.612400e-01    1.255200e-01    1.310800e-01    5.834400e+00    5.606280e+00    1.363180e+00    1.651160e+00    2.490480e+00    4.555200e-01    1.880080e+00    1.957960e+00    1.822800e+00    2.839600e-01    5.399880e+00    4.435400e-01 
   9.632200e-01    8.350600e-01    1.950400e-01    9.113600e-01    6.640000e-01    1.265800e-01    1.318200e-01    5.895340e+00    5.707500e+00    1.365580e+00    1.659180e+00    2.529760e+00    4.675600e-01    1.885700e+00    1.972920e+00    1.856400e+00    2.917800e-01    5.452400e+00    4.521800e-01 
   9.641800e-01    8.369600e-01    1.964600e-01    9.124000e-01    6.666800e-01    1.277200e-01    1.326800e-01    5.938660e+00    5.795440e+00    1.367280e+00    1.665120e+00    2.557460e+00    4.763000e-01    1.889540e+00    1.983960e+00    1.879820e+00    2.976600e-01    5.489740e+00    4.582800e-01 
   9.647000e-01    8.387800e-01    1.978800e-01    9.135600e-01    6.688800e-01    1.287600e-01    1.331200e-01    5.967520e+00    5.867560e+00    1.368280e+00    1.668640e+00    2.576500e+00    4.820000e-01    1.892080e+00    1.991800e+00    1.895420e+00    3.010600e-01    5.514760e+00    4.621800e-01 
   9.651000e-01    8.404400e-01    1.994400e-01    9.146200e-01    6.709600e-01    1.301400e-01    1.337400e-01    5.984040e+00    5.919600e+00    1.368820e+00    1.671080e+00    2.586980e+00    4.854200e-01    1.893520e+00    1.995900e+00    1.904300e+00    3.035400e-01    5.528940e+00    4.646000e-01 
   9.658000e-01    8.423000e-01    2.008400e-01    9.156000e-01    6.733800e-01    1.315200e-01    1.342000e-01    5.993180e+00    5.954940e+00    1.369160e+00    1.672220e+00    2.593120e+00    4.872000e-01    1.894120e+00    1.998460e+00    1.909220e+00    3.047800e-01    5.536960e+00    4.657200e-01 
   9.662600e-01    8.440800e-01    2.022800e-01    9.167200e-01    6.757600e-01    1.325400e-01    1.348400e-01    5.997540e+00    5.977020e+00    1.369240e+00    1.672700e+00    2.596000e+00    4.882000e-01    1.894540e+00    1.999680e+00    1.911360e+00    3.054600e-01    5.540760e+00    4.662800e-01 
   9.669400e-01    8.455800e-01    2.038000e-01    9.177200e-01    6.783800e-01    1.335400e-01    1.357000e-01    5.999220e+00    5.988920e+00    1.369320e+00    1.672960e+00    2.597000e+00    4.885600e-01    1.894700e+00    2.000000e+00    1.912300e+00    3.058400e-01    5.542260e+00    4.664600e-01 
   9.672600e-01    8.470400e-01    2.055000e-01    9.187600e-01    6.806400e-01    1.346200e-01    1.363600e-01    5.999840e+00    5.995760e+00    1.369320e+00    1.673000e+00    2.597460e+00    4.887200e-01    1.894760e+00    2.000160e+00    1.912640e+00    3.059200e-01    5.542840e+00    4.665000e-01 
   9.677600e-01    8.486400e-01    2.069200e-01    9.197800e-01    6.831400e-01    1.357400e-01    1.370600e-01    5.999940e+00    5.998800e+00    1.369320e+00    1.673000e+00    2.597560e+00    4.887200e-01    1.894760e+00    2.000160e+00    1.912720e+00    3.059600e-01    5.542920e+00    4.665200e-01 
   9.682000e-01    8.502000e-01    2.082800e-01    9.207800e-01    6.855600e-01    1.371000e-01    1.375800e-01    6.000000e+00    5.999540e+00    1.369320e+00    1.673000e+00    2.597600e+00    4.887400e-01    1.894760e+00    2.000180e+00    1.912740e+00    3.059800e-01    5.542980e+00    4.665200e-01 
   9.686800e-01    8.520200e-01    2.100000e-01    9.216000e-01    6.878000e-01    1.380200e-01    1.380400e-01    6.000000e+00    5.999880e+00    1.369320e+00    1.673000e+00    2.597600e+00    4.887400e-01    1.894760e+00    2.000180e+00    1.912740e+00    3.059800e-01    5.542980e+00    4.665200e-01 
   9.692600e-01    8.537600e-01    2.116000e-01    9.223200e-01    6.901600e-01    1.391800e-01    1.387800e-01    6.000000e+00    6.000000e+00    1.369320e+00    1.673000e+00    2.597600e+00    4.887400e-01    1.894760e+00    2.000180e+00    1.912740e+00    3.059800e-01    5.542980e+00    4.665200e-01 
   9.697400e-01    8.554800e-01    2.135200e-01    9.231000e-01    6.922000e-01    1.403800e-01    1.392400e-01    6.000000e+00    6.000000e+00    1.369320e+00    1.673000e+00    2.597600e+00    4.887400e-01    1.894760e+00    2.000180e+00    1.912740e+00    3.059800e-01    5.542980e+00    4.665200e-01 
   9.702000e-01    8.568400e-01    2.150000e-01    9.239200e-01    6.944000e-01    1.417200e-01    1.401400e-01    6.000000e+00    6.000000e+00    1.369320e+00    1.673000e+00    2.597600e+00    4.887400e-01    1.894760e+00    2.000180e+00    1.912740e+00    3.059800e-01    5.542980e+00    4.665200e-01 
   9.706800e-01    8.581000e-01    2.164800e-01    9.247200e-01    6.970800e-01    1.430400e-01    1.404800e-01    6.000000e+00    6.000000e+00    1.369320e+00    1.673000e+00    2.597600e+00    4.887400e-01    1.894760e+00    2.000180e+00    1.912740e+00    3.059800e-01    5.542980e+00    4.665200e-01 
   9.712200e-01    8.597400e-01    2.180400e-01    9.255600e-01    6.993200e-01    1.444200e-01    1.409200e-01    6.000000e+00    6.000000e+00    1.369320e+00    1.673000e+00    2.597600e+00    4.887400e-01    1.894760e+00    2.000180e+00    1.912740e+00    3.059800e-01    5.542980e+00    4.665200e-01 
   9.715600e-01    8.616400e-01    2.194600e-01    9.264200e-01    7.016000e-01    1.457000e-01    1.415600e-01    6.000000e+00    6.000000e+00    1.369320e+00    1.673000e+00    2.597600e+00    4.887400e-01    1.894760e+00    2.000180e+00    1.912740e+00    3.059800e-01    5.542980e+00    4.665200e-01 
   9.720400e-01    8.635400e-01    2.211000e-01    9.274600e-01    7.039200e-01    1.470600e-01    1.420000e-01    6.000040e+00    6.000000e+00    1.369320e+00    1.673000e+00    2.597640e+00    4.887400e-01    1.894760e+00    2.000180e+00    1.912760e+00    3.060000e-01    5.543020e+00    4.665200e-01 
   9.722800e-01    8.649800e-01    2.227000e-01    9.282400e-01    7.061400e-01    1.482600e-01    1.425400e-01    6.000120e+00    6.000000e+00    1.369320e+00    1.673000e+00    2.597720e+00    4.887400e-01    1.894760e+00    2.000220e+00    1.912780e+00    3.060200e-01    5.543080e+00    4.665400e-01 
   9.727200e-01    8.665600e-01    2.243200e-01    9.291000e-01    7.088600e-01    1.495000e-01    1.431400e-01    6.000640e+00    6.000000e+00    1.369360e+00    1.673120e+00    2.598020e+00    4.888000e-01    1.894760e+00    2.000400e+00    1.913020e+00    3.061200e-01    5.543500e+00    4.666400e-01 
   9.730600e-01    8.681000e-01    2.257600e-01    9.299400e-01    7.109000e-01    1.510800e-01    1.438400e-01    6.002180e+00    6.000040e+00    1.369380e+00    1.673280e+00    2.598960e+00    4.892400e-01    1.894800e+00    2.000660e+00    1.914020e+00    3.063600e-01    5.544840e+00    4.668400e-01 
   9.735200e-01    8.694200e-01    2.275600e-01    9.304000e-01    7.131000e-01    1.523000e-01    1.443000e-01    6.005300e+00    6.000300e+00    1.369440e+00    1.673500e+00    2.601020e+00    4.900200e-01    1.895100e+00    2.001280e+00    1.915840e+00    3.067400e-01    5.547500e+00    4.673000e-01 
   9.739000e-01    8.712000e-01    2.287000e-01    9.313200e-01    7.155000e-01    1.535800e-01    1.447400e-01    6.011600e+00    6.001500e+00    1.369540e+00    1.674320e+00    2.604960e+00    4.915000e-01    1.895620e+00    2.002580e+00    1.919500e+00    3.075600e-01    5.552720e+00    4.683800e-01 
   9.743000e-01    8.724400e-01    2.303400e-01    9.318400e-01    7.176000e-01    1.546600e-01    1.455600e-01    6.023860e+00    6.003560e+00    1.369780e+00    1.675640e+00    2.612840e+00    4.943600e-01    1.896460e+00    2.005460e+00    1.926480e+00    3.092600e-01    5.563080e+00    4.702800e-01 
   9.748000e-01    8.738600e-01    2.319400e-01    9.323600e-01    7.196000e-01    1.560200e-01    1.462600e-01    6.043680e+00    6.007860e+00    1.370260e+00    1.677620e+00    2.625500e+00    4.991200e-01    1.897980e+00    2.010040e+00    1.937120e+00    3.125000e-01    5.580140e+00    4.730600e-01 
   9.751200e-01    8.753200e-01    2.335000e-01    9.332000e-01    7.216600e-01    1.571200e-01    1.467600e-01    6.075820e+00    6.016880e+00    1.371020e+00    1.680660e+00    2.646400e+00    5.066600e-01    1.900320e+00    2.017160e+00    1.955020e+00    3.174800e-01    5.607660e+00    4.776800e-01 
   9.756000e-01    8.767000e-01    2.350200e-01    9.339600e-01    7.235800e-01    1.585400e-01    1.473200e-01    6.121120e+00    6.032720e+00    1.371960e+00    1.685440e+00    2.675580e+00    5.173200e-01    1.903340e+00    2.026200e+00    1.980500e+00    3.255400e-01    5.646620e+00    4.840400e-01 
   9.759200e-01    8.781400e-01    2.364400e-01    9.348200e-01    7.258200e-01    1.598200e-01    1.479200e-01    6.180860e+00    6.058380e+00    1.373260e+00    1.691880e+00    2.713880e+00    5.313800e-01    1.907580e+00    2.038320e+00    2.014180e+00    3.357200e-01    5.697400e+00    4.930800e-01 
   9.764000e-01    8.794400e-01    2.382000e-01    9.356800e-01    7.279200e-01    1.612000e-01    1.484000e-01    6.255980e+00    6.096100e+00    1.375180e+00    1.698620e+00    2.762040e+00    5.502000e-01    1.912180e+00    2.053700e+00    2.057280e+00    3.485200e-01    5.761460e+00    5.042200e-01 
   9.769200e-01    8.808600e-01    2.398200e-01    9.365400e-01    7.299200e-01    1.626800e-01    1.491800e-01    6.347620e+00    6.148340e+00    1.376960e+00    1.707540e+00    2.821080e+00    5.728400e-01    1.917780e+00    2.072620e+00    2.109220e+00    3.644600e-01    5.839920e+00    5.175400e-01 
   9.775000e-01    8.823000e-01    2.414200e-01    9.371600e-01    7.323000e-01    1.638200e-01    1.497000e-01    6.445020e+00    6.216620e+00    1.379280e+00    1.717080e+00    2.883720e+00    5.966600e-01    1.923820e+00    2.093220e+00    2.165880e+00    3.793000e-01    5.923280e+00    5.316800e-01 
   9.779400e-01    8.835800e-01    2.431400e-01    9.378800e-01    7.343600e-01    1.649800e-01    1.501600e-01    6.546620e+00    6.300560e+00    1.381300e+00    1.726700e+00    2.949360e+00    6.215000e-01    1.929740e+00    2.114640e+00    2.224260e+00    3.963200e-01    6.008840e+00    5.478400e-01 
   9.783800e-01    8.847400e-01    2.446000e-01    9.384800e-01    7.366200e-01    1.658400e-01    1.508800e-01    6.645840e+00    6.395100e+00    1.383840e+00    1.736540e+00    3.013380e+00    6.450600e-01    1.936420e+00    2.134960e+00    2.281860e+00    4.118800e-01    6.092940e+00    5.631600e-01 
   9.787600e-01    8.860200e-01    2.462400e-01    9.393400e-01    7.387000e-01    1.669200e-01    1.516000e-01    6.736500e+00    6.496000e+00    1.385840e+00    1.744640e+00    3.071680e+00    6.681800e-01    1.941660e+00    2.152860e+00    2.334800e+00    4.274000e-01    6.169340e+00    5.776400e-01 
   9.791600e-01    8.872800e-01    2.478000e-01    9.400800e-01    7.406200e-01    1.683400e-01    1.523000e-01    6.814120e+00    6.597640e+00    1.387620e+00    1.751960e+00    3.121940e+00    6.873400e-01    1.946200e+00    2.168760e+00    2.380520e+00    4.399600e-01    6.235360e+00    5.893000e-01 
   9.793600e-01    8.885400e-01    2.494000e-01    9.406000e-01    7.425600e-01    1.695000e-01    1.529400e-01    6.877060e+00    6.692680e+00    1.389280e+00    1.757620e+00    3.162020e+00    7.035200e-01    1.949980e+00    2.181620e+00    2.416660e+00    4.508400e-01    6.288760e+00    5.989600e-01 
   9.798200e-01    8.902800e-01    2.508800e-01    9.417000e-01    7.443000e-01    1.705200e-01    1.536200e-01    6.923340e+00    6.777220e+00    1.390260e+00    1.762000e+00    3.191800e+00    7.154000e-01    1.953040e+00    2.190780e+00    2.443140e+00    4.592600e-01    6.327780e+00    6.063800e-01 
   9.800000e-01    8.915800e-01    2.525200e-01    9.423800e-01    7.460000e-01    1.719200e-01    1.541800e-01    6.955360e+00    6.846980e+00    1.390860e+00    1.764940e+00    3.212580e+00    7.234200e-01    1.955060e+00    2.197460e+00    2.461580e+00    4.647400e-01    6.355160e+00    6.111200e-01 
   9.802400e-01    8.929400e-01    2.540000e-01    9.430400e-01    7.481600e-01    1.732200e-01    1.546400e-01    6.975900e+00    6.902520e+00    1.391240e+00    1.766860e+00    3.225800e+00    7.287400e-01    1.956020e+00    2.201420e+00    2.473580e+00    4.687400e-01    6.372280e+00    6.145800e-01 
