   1.985000e-02
   8.220000e-02
   6.360500e-01
   2.619000e-01
   5.840000e-02
   1.924000e-01
   5.719500e-01
   1.772500e-01
   8.454000e-01
   1.546000e-01
   9.254000e-01
   7.460000e-02
   2.255000e-02
   9.175000e-02
   6.409000e-01
   2.525500e-01
   6.485000e-02
   2.045500e-01
   5.711000e-01
   1.690000e-01
   8.499000e-01
   1.514000e-01
   2.255000e-02
   9.175000e-02
   6.409000e-01
   2.525500e-01
   6.485000e-02
   2.045500e-01
   5.711000e-01
   1.690000e-01
   8.499000e-01
   1.514000e-01
