   0.000000e+00    0.000000e+00    0.000000e+00    0.000000e+00    0.000000e+00    0.000000e+00    0.000000e+00    0.000000e+00    0.000000e+00    0.000000e+00    0.000000e+00    0.000000e+00    0.000000e+00    0.000000e+00    0.000000e+00    0.000000e+00    0.000000e+00    0.000000e+00    0.000000e+00 
   1.565000e-02    1.300000e-04    0.000000e+00    1.088000e-02    6.000000e-05    0.000000e+00    5.800000e-04    9.955000e-02    0.000000e+00    9.892000e-02    1.550000e-03    1.000000e-05    0.000000e+00    9.906000e-02    9.500000e-04    0.000000e+00    0.000000e+00    9.951000e-02    9.000000e-05 
   3.097000e-02    4.500000e-04    0.000000e+00    2.277000e-02    2.400000e-04    0.000000e+00    9.900000e-04    1.993200e-01    0.000000e+00    1.963000e-01    6.030000e-03    1.300000e-04    0.000000e+00    1.971800e-01    4.190000e-03    2.000000e-05    0.000000e+00    1.992300e-01    2.300000e-04 
   4.606000e-02    8.900000e-04    1.000000e-05    3.388000e-02    5.100000e-04    0.000000e+00    1.610000e-03    3.006600e-01    4.949000e-02    2.939000e-01    1.319000e-02    2.500000e-04    1.000000e-05    2.954700e-01    9.570000e-03    1.300000e-04    0.000000e+00    3.004800e-01    4.600000e-04 
   6.079000e-02    1.760000e-03    1.000000e-05    4.498000e-02    9.200000e-04    0.000000e+00    2.210000e-03    4.120000e-01    1.498100e-01    3.992600e-01    2.321000e-02    5.800000e-04    1.000000e-05    4.022700e-01    1.713000e-02    4.000000e-04    0.000000e+00    4.116200e-01    8.000000e-04 
   7.555000e-02    2.900000e-03    1.000000e-05    5.576000e-02    1.360000e-03    0.000000e+00    2.950000e-03    5.307800e-01    2.505700e-01    5.100600e-01    3.474000e-02    1.150000e-03    1.000000e-05    5.150000e-01    2.606000e-02    6.000000e-04    0.000000e+00    5.300800e-01    1.240000e-03 
   9.046000e-02    4.050000e-03    1.000000e-05    6.663000e-02    2.010000e-03    0.000000e+00    3.770000e-03    6.618700e-01    3.554300e-01    6.305400e-01    4.938000e-02    2.010000e-03    2.000000e-05    6.379000e-01    3.712000e-02    1.060000e-03    0.000000e+00    6.607200e-01    1.970000e-03 
   1.053100e-01    5.330000e-03    2.000000e-05    7.744000e-02    2.830000e-03    1.000000e-05    4.530000e-03    8.017100e-01    4.702900e-01    7.563500e-01    6.735000e-02    3.240000e-03    2.000000e-05    7.674800e-01    5.064000e-02    1.670000e-03    0.000000e+00    7.999000e-01    2.790000e-03 
   1.184600e-01    6.840000e-03    2.000000e-05    8.735000e-02    3.750000e-03    1.000000e-05    5.210000e-03    9.556200e-01    5.942800e-01    8.937300e-01    8.768000e-02    4.620000e-03    2.000000e-05    9.087700e-01    6.620000e-02    2.450000e-03    0.000000e+00    9.530800e-01    3.670000e-03 
   1.323000e-01    8.560000e-03    2.000000e-05    9.740000e-02    4.750000e-03    1.000000e-05    5.910000e-03    1.122130e+00    7.301000e-01    1.038680e+00    1.134900e-01    6.400000e-03    2.000000e-05    1.060170e+00    8.461000e-02    3.430000e-03    0.000000e+00    1.118670e+00    4.850000e-03 
   1.460000e-01    1.043000e-02    3.000000e-05    1.080700e-01    5.700000e-03    3.000000e-05    6.570000e-03    1.303910e+00    8.767300e-01    1.195450e+00    1.422000e-01    9.040000e-03    4.000000e-05    1.223640e+00    1.064800e-01    4.760000e-03    2.000000e-05    1.299290e+00    6.300000e-03 
   1.597700e-01    1.249000e-02    5.000000e-05    1.178700e-01    6.740000e-03    5.000000e-05    7.240000e-03    1.401280e+00    1.037880e+00    1.277650e+00    1.617700e-01    1.083000e-02    7.000000e-05    1.310100e+00    1.208600e-01    5.650000e-03    3.000000e-05    1.395870e+00    7.380000e-03 
   1.724900e-01    1.483000e-02    9.000000e-05    1.274800e-01    7.890000e-03    5.000000e-05    7.840000e-03    1.515020e+00    1.211570e+00    1.372960e+00    1.827700e-01    1.320000e-02    1.000000e-04    1.409520e+00    1.373100e-01    6.970000e-03    4.000000e-05    1.508690e+00    8.460000e-03 
   1.852400e-01    1.686000e-02    1.200000e-04    1.379600e-01    9.260000e-03    7.000000e-05    8.470000e-03    1.640870e+00    1.350880e+00    1.476080e+00    2.069500e-01    1.586000e-02    1.400000e-04    1.519150e+00    1.556000e-01    8.280000e-03    6.000000e-05    1.633560e+00    9.610000e-03 
   1.981700e-01    1.925000e-02    1.700000e-04    1.478200e-01    1.065000e-02    8.000000e-05    9.130000e-03    1.771360e+00    1.456420e+00    1.581660e+00    2.332900e-01    1.889000e-02    1.700000e-04    1.631060e+00    1.759400e-01    1.002000e-02    7.000000e-05    1.763030e+00    1.072000e-02 
   2.114200e-01    2.211000e-02    2.300000e-04    1.578000e-01    1.227000e-02    1.100000e-04    9.840000e-03    1.901600e+00    1.576450e+00    1.684200e+00    2.625800e-01    2.237000e-02    2.100000e-04    1.740800e+00    1.984100e-01    1.195000e-02    1.200000e-04    1.892190e+00    1.199000e-02 
   2.242200e-01    2.500000e-02    2.800000e-04    1.668800e-01    1.379000e-02    1.200000e-04    1.044000e-02    2.035190e+00    1.705300e+00    1.789070e+00    2.923000e-01    2.649000e-02    2.500000e-04    1.852690e+00    2.216600e-01    1.399000e-02    1.400000e-04    2.024610e+00    1.344000e-02 
   2.365300e-01    2.798000e-02    3.800000e-04    1.759800e-01    1.540000e-02    1.400000e-04    1.116000e-02    2.172250e+00    1.835640e+00    1.894810e+00    3.238500e-01    3.112000e-02    3.200000e-04    1.966440e+00    2.459500e-01    1.645000e-02    1.500000e-04    2.160180e+00    1.517000e-02 
   2.488400e-01    3.115000e-02    4.600000e-04    1.855400e-01    1.707000e-02    1.700000e-04    1.188000e-02    2.308670e+00    1.968220e+00    1.997820e+00    3.576400e-01    3.620000e-02    4.500000e-04    2.078200e+00    2.717900e-01    1.926000e-02    2.100000e-04    2.294860e+00    1.714000e-02 
   2.606800e-01    3.399000e-02    5.400000e-04    1.947600e-01    1.854000e-02    2.100000e-04    1.260000e-02    2.443530e+00    2.103280e+00    2.098800e+00    3.911000e-01    4.131000e-02    5.500000e-04    2.187980e+00    2.977400e-01    2.230000e-02    2.300000e-04    2.427830e+00    1.926000e-02 
   2.719700e-01    3.733000e-02    6.000000e-04    2.038900e-01    2.047000e-02    2.100000e-04    1.332000e-02    2.581510e+00    2.240590e+00    2.200360e+00    4.262900e-01    4.720000e-02    6.300000e-04    2.298040e+00    3.260300e-01    2.548000e-02    2.800000e-04    2.564020e+00    2.127000e-02 
   2.834400e-01    4.055000e-02    7.400000e-04    2.126700e-01    2.238000e-02    2.400000e-04    1.410000e-02    2.716110e+00    2.375960e+00    2.297010e+00    4.627900e-01    5.354000e-02    7.600000e-04    2.404740e+00    3.541100e-01    2.898000e-02    2.900000e-04    2.696760e+00    2.342000e-02 
   2.943600e-01    4.436000e-02    8.000000e-04    2.212100e-01    2.421000e-02    2.700000e-04    1.474000e-02    2.847210e+00    2.513130e+00    2.389530e+00    4.993800e-01    6.040000e-02    8.400000e-04    2.507690e+00    3.820200e-01    3.256000e-02    3.200000e-04    2.826040e+00    2.547000e-02 
   3.056800e-01    4.781000e-02    9.400000e-04    2.300200e-01    2.619000e-02    3.000000e-04    1.547000e-02    2.976710e+00    2.649370e+00    2.479820e+00    5.366800e-01    6.741000e-02    9.600000e-04    2.607780e+00    4.108600e-01    3.656000e-02    3.700000e-04    2.953450e+00    2.775000e-02 
   3.164200e-01    5.183000e-02    1.030000e-03    2.392800e-01    2.815000e-02    3.800000e-04    1.626000e-02    3.108010e+00    2.781830e+00    2.571220e+00    5.737600e-01    7.483000e-02    1.160000e-03    2.707710e+00    4.416300e-01    4.084000e-02    4.300000e-04    3.082690e+00    3.011000e-02 
   3.268500e-01    5.598000e-02    1.140000e-03    2.479000e-01    3.023000e-02    4.100000e-04    1.690000e-02    3.240330e+00    2.912640e+00    2.660760e+00    6.120000e-01    8.406000e-02    1.370000e-03    2.808800e+00    4.720600e-01    4.510000e-02    4.600000e-04    3.212960e+00    3.239000e-02 
   3.379700e-01    6.005000e-02    1.310000e-03    2.566300e-01    3.227000e-02    5.100000e-04    1.764000e-02    3.373670e+00    3.042000e+00    2.750990e+00    6.513400e-01    9.265000e-02    1.560000e-03    2.908790e+00    5.043300e-01    4.990000e-02    5.200000e-04    3.343960e+00    3.499000e-02 
   3.479600e-01    6.442000e-02    1.490000e-03    2.651700e-01    3.477000e-02    6.100000e-04    1.831000e-02    3.505480e+00    3.174380e+00    2.836950e+00    6.923800e-01    1.018200e-01    1.800000e-03    3.005670e+00    5.377800e-01    5.494000e-02    6.700000e-04    3.473410e+00    3.753000e-02 
   3.585900e-01    6.870000e-02    1.560000e-03    2.732300e-01    3.706000e-02    7.200000e-04    1.900000e-02    3.641070e+00    3.307420e+00    2.923920e+00    7.360500e-01    1.115200e-01    2.010000e-03    3.104420e+00    5.723300e-01    6.043000e-02    8.500000e-04    3.606400e+00    4.034000e-02 
   3.686600e-01    7.294000e-02    1.720000e-03    2.813500e-01    3.969000e-02    7.500000e-04    1.952000e-02    3.776230e+00    3.439140e+00    3.010130e+00    7.783800e-01    1.224900e-01    2.380000e-03    3.201760e+00    6.078600e-01    6.606000e-02    1.000000e-03    3.739270e+00    4.278000e-02 
   3.784600e-01    7.741000e-02    1.890000e-03    2.890600e-01    4.219000e-02    8.800000e-04    2.009000e-02    3.909470e+00    3.572280e+00    3.093260e+00    8.212700e-01    1.345300e-01    2.660000e-03    3.296650e+00    6.432200e-01    7.219000e-02    1.150000e-03    3.869710e+00    4.575000e-02 
   3.877200e-01    8.215000e-02    2.120000e-03    2.975200e-01    4.451000e-02    9.700000e-04    2.081000e-02    4.042590e+00    3.708280e+00    3.175080e+00    8.652300e-01    1.464200e-01    3.020000e-03    3.390190e+00    6.794700e-01    7.901000e-02    1.240000e-03    3.999980e+00    4.875000e-02 
   3.967600e-01    8.661000e-02    2.260000e-03    3.060100e-01    4.723000e-02    1.090000e-03    2.154000e-02    4.175680e+00    3.843240e+00    3.256190e+00    9.096400e-01    1.583600e-01    3.300000e-03    3.483800e+00    7.153800e-01    8.605000e-02    1.440000e-03    4.130290e+00    5.176000e-02 
   4.054000e-01    9.138000e-02    2.500000e-03    3.137900e-01    5.002000e-02    1.210000e-03    2.202000e-02    4.309020e+00    3.974570e+00    3.335810e+00    9.540300e-01    1.718100e-01    3.740000e-03    3.575280e+00    7.530700e-01    9.372000e-02    1.650000e-03    4.260720e+00    5.485000e-02 
   4.151200e-01    9.593000e-02    2.660000e-03    3.217800e-01    5.274000e-02    1.420000e-03    2.261000e-02    4.443080e+00    4.108560e+00    3.414460e+00    9.998100e-01    1.854900e-01    4.200000e-03    3.666280e+00    7.922300e-01    1.009700e-01    1.930000e-03    4.391690e+00    5.816000e-02 
   4.244300e-01    1.008500e-01    2.860000e-03    3.294000e-01    5.581000e-02    1.510000e-03    2.327000e-02    4.577330e+00    4.243280e+00    3.492140e+00    1.046130e+00    2.002400e-01    4.520000e-03    3.757240e+00    8.308000e-01    1.092500e-01    2.090000e-03    4.523090e+00    6.120000e-02 
   4.330700e-01    1.058500e-01    3.130000e-03    3.369300e-01    5.877000e-02    1.620000e-03    2.399000e-02    4.709340e+00    4.375530e+00    3.567760e+00    1.091640e+00    2.151700e-01    5.120000e-03    3.846090e+00    8.690200e-01    1.174300e-01    2.320000e-03    4.652210e+00    6.436000e-02 
   4.413000e-01    1.105400e-01    3.450000e-03    3.443400e-01    6.146000e-02    1.790000e-03    2.453000e-02    4.842740e+00    4.510410e+00    3.642760e+00    1.138120e+00    2.309000e-01    5.640000e-03    3.934390e+00    9.090500e-01    1.255900e-01    2.580000e-03    4.782470e+00    6.770000e-02 
   4.504500e-01    1.156000e-01    3.700000e-03    3.517100e-01    6.462000e-02    1.880000e-03    2.524000e-02    4.973690e+00    4.644790e+00    3.715900e+00    1.184470e+00    2.467700e-01    6.090000e-03    4.020790e+00    9.478600e-01    1.343700e-01    2.880000e-03    4.910350e+00    7.101000e-02 
   4.586200e-01    1.211200e-01    3.910000e-03    3.592800e-01    6.765000e-02    2.040000e-03    2.587000e-02    5.107070e+00    4.776190e+00    3.788370e+00    1.232450e+00    2.637400e-01    6.610000e-03    4.106160e+00    9.897900e-01    1.437700e-01    3.110000e-03    5.040120e+00    7.484000e-02 
   4.671500e-01    1.264100e-01    4.210000e-03    3.661600e-01    7.053000e-02    2.160000e-03    2.656000e-02    5.243330e+00    4.908120e+00    3.861510e+00    1.280880e+00    2.824500e-01    7.240000e-03    4.192740e+00    1.032400e+00    1.539500e-01    3.350000e-03    5.172590e+00    7.890000e-02 
   4.750500e-01    1.313700e-01    4.440000e-03    3.727700e-01    7.330000e-02    2.270000e-03    2.714000e-02    5.376250e+00    5.040560e+00    3.931920e+00    1.328920e+00    3.004700e-01    7.890000e-03    4.276320e+00    1.074360e+00    1.643500e-01    3.730000e-03    5.302180e+00    8.241000e-02 
   4.831500e-01    1.363400e-01    4.800000e-03    3.799700e-01    7.595000e-02    2.440000e-03    2.778000e-02    5.508930e+00    5.174760e+00    4.000660e+00    1.377770e+00    3.192200e-01    8.710000e-03    4.358990e+00    1.116890e+00    1.745700e-01    4.140000e-03    5.431040e+00    8.649000e-02 
   4.905900e-01    1.416100e-01    5.200000e-03    3.869200e-01    7.884000e-02    2.620000e-03    2.851000e-02    5.640960e+00    5.309730e+00    4.068410e+00    1.426680e+00    3.382000e-01    9.470000e-03    4.440240e+00    1.159730e+00    1.856100e-01    4.560000e-03    5.559150e+00    9.069000e-02 
   4.979500e-01    1.467100e-01    5.470000e-03    3.939600e-01    8.226000e-02    2.820000e-03    2.909000e-02    5.775430e+00    5.443540e+00    4.135820e+00    1.477230e+00    3.583500e-01    1.020000e-02    4.522750e+00    1.203080e+00    1.971900e-01    4.960000e-03    5.689690e+00    9.487000e-02 
   5.063100e-01    1.519600e-01    5.840000e-03    4.008100e-01    8.542000e-02    3.020000e-03    2.982000e-02    5.909240e+00    5.574710e+00    4.202650e+00    1.526550e+00    3.799800e-01    1.102000e-02    4.603620e+00    1.246930e+00    2.094500e-01    5.510000e-03    5.819530e+00    9.907000e-02 
   5.139700e-01    1.571800e-01    6.270000e-03    4.074600e-01    8.857000e-02    3.270000e-03    3.054000e-02    6.042260e+00    5.707560e+00    4.267530e+00    1.576770e+00    4.010800e-01    1.214000e-02    4.682290e+00    1.291870e+00    2.218200e-01    6.040000e-03    5.948380e+00    1.034700e-01 
   5.216400e-01    1.624000e-01    6.600000e-03    4.140600e-01    9.176000e-02    3.460000e-03    3.122000e-02    6.175720e+00    5.843540e+00    4.332320e+00    1.626190e+00    4.234100e-01    1.312000e-02    4.760590e+00    1.336920e+00    2.345300e-01    6.550000e-03    6.078030e+00    1.074600e-01 
   5.292200e-01    1.680900e-01    7.010000e-03    4.204800e-01    9.447000e-02    3.620000e-03    3.185000e-02    6.309330e+00    5.973900e+00    4.396120e+00    1.676830e+00    4.462900e-01    1.413000e-02    4.839160e+00    1.381300e+00    2.477800e-01    7.110000e-03    6.207410e+00    1.119300e-01 
   5.369800e-01    1.731800e-01    7.440000e-03    4.267600e-01    9.756000e-02    3.790000e-03    3.249000e-02    6.442590e+00    6.108280e+00    4.458030e+00    1.728120e+00    4.699600e-01    1.519000e-02    4.916830e+00    1.426970e+00    2.603100e-01    7.630000e-03    6.336540e+00    1.163000e-01 
   5.438300e-01    1.786600e-01    7.710000e-03    4.330900e-01    1.008400e-01    3.970000e-03    3.310000e-02    6.574770e+00    6.242490e+00    4.518940e+00    1.778410e+00    4.943400e-01    1.620000e-02    4.991740e+00    1.473150e+00    2.741000e-01    8.150000e-03    6.464300e+00    1.209100e-01 
   5.509800e-01    1.838200e-01    8.210000e-03    4.396900e-01    1.043000e-01    4.230000e-03    3.385000e-02    6.706710e+00    6.376570e+00    4.578510e+00    1.828640e+00    5.196500e-01    1.723000e-02    5.066010e+00    1.519030e+00    2.883500e-01    8.730000e-03    6.591410e+00    1.259800e-01 
   5.579700e-01    1.894500e-01    8.610000e-03    4.459800e-01    1.077600e-01    4.460000e-03    3.445000e-02    6.838610e+00    6.508420e+00    4.637560e+00    1.879950e+00    5.438300e-01    1.874000e-02    5.138610e+00    1.565930e+00    3.034200e-01    9.430000e-03    6.718960e+00    1.305000e-01 
   5.648400e-01    1.950900e-01    8.930000e-03    4.521200e-01    1.110700e-01    4.710000e-03    3.521000e-02    6.971350e+00    6.641350e+00    4.695630e+00    1.931650e+00    5.698700e-01    1.998000e-02    5.211120e+00    1.613400e+00    3.187600e-01    1.006000e-02    6.847400e+00    1.351000e-01 
   5.718500e-01    2.005700e-01    9.360000e-03    4.588100e-01    1.146300e-01    4.920000e-03    3.580000e-02    7.105840e+00    6.772770e+00    4.753580e+00    1.983800e+00    5.974500e-01    2.120000e-02    5.284770e+00    1.661420e+00    3.345300e-01    1.082000e-02    6.977210e+00    1.399100e-01 
   5.783300e-01    2.060200e-01    9.790000e-03    4.655400e-01    1.179300e-01    5.140000e-03    3.644000e-02    7.239950e+00    6.904440e+00    4.810180e+00    2.036330e+00    6.249500e-01    2.272000e-02    5.357390e+00    1.709740e+00    3.504200e-01    1.153000e-02    7.106460e+00    1.449300e-01 
   5.852300e-01    2.117200e-01    1.029000e-02    4.716300e-01    1.213500e-01    5.400000e-03    3.711000e-02    7.374170e+00    7.038640e+00    4.867540e+00    2.087660e+00    6.534500e-01    2.425000e-02    5.428620e+00    1.758690e+00    3.669400e-01    1.241000e-02    7.235660e+00    1.501600e-01 
   5.920800e-01    2.170700e-01    1.086000e-02    4.774600e-01    1.253000e-01    5.700000e-03    3.770000e-02    7.507380e+00    7.172470e+00    4.921870e+00    2.139700e+00    6.831000e-01    2.599000e-02    5.497130e+00    1.808500e+00    3.842300e-01    1.319000e-02    7.364220e+00    1.550000e-01 
   5.983600e-01    2.228200e-01    1.140000e-02    4.831200e-01    1.287700e-01    5.910000e-03    3.838000e-02    7.641250e+00    7.306970e+00    4.976290e+00    2.191560e+00    7.132600e-01    2.761000e-02    5.566820e+00    1.857390e+00    4.016900e-01    1.408000e-02    7.493020e+00    1.602700e-01 
   6.043600e-01    2.280500e-01    1.187000e-02    4.889800e-01    1.323600e-01    6.160000e-03    3.900000e-02    7.772680e+00    7.440430e+00    5.028980e+00    2.243570e+00    7.424200e-01    2.918000e-02    5.634530e+00    1.906530e+00    4.184300e-01    1.502000e-02    7.619460e+00    1.654700e-01 
   6.103600e-01    2.333700e-01    1.252000e-02    4.944800e-01    1.360700e-01    6.380000e-03    3.956000e-02    7.906330e+00    7.574320e+00    5.081810e+00    2.295350e+00    7.736400e-01    3.099000e-02    5.702600e+00    1.956220e+00    4.365400e-01    1.595000e-02    7.747790e+00    1.709400e-01 
   6.161000e-01    2.391600e-01    1.306000e-02    5.004900e-01    1.394000e-01    6.740000e-03    4.017000e-02    8.038160e+00    7.707230e+00    5.133150e+00    2.346100e+00    8.057100e-01    3.281000e-02    5.768940e+00    2.005360e+00    4.549000e-01    1.689000e-02    7.874270e+00    1.765000e-01 
   6.221100e-01    2.449500e-01    1.343000e-02    5.064700e-01    1.433200e-01    7.100000e-03    4.084000e-02    8.171100e+00    7.840140e+00    5.183920e+00    2.398420e+00    8.376400e-01    3.466000e-02    5.835490e+00    2.054870e+00    4.740900e-01    1.806000e-02    8.001790e+00    1.821800e-01 
   6.280700e-01    2.504800e-01    1.408000e-02    5.123300e-01    1.468900e-01    7.370000e-03    4.152000e-02    8.305810e+00    7.972220e+00    5.233640e+00    2.451330e+00    8.716700e-01    3.677000e-02    5.901730e+00    2.105550e+00    4.941600e-01    1.919000e-02    8.130810e+00    1.880800e-01 
   6.334200e-01    2.560400e-01    1.474000e-02    5.180500e-01    1.507700e-01    7.680000e-03    4.202000e-02    8.439140e+00    8.104180e+00    5.283390e+00    2.503350e+00    9.052100e-01    3.877000e-02    5.966380e+00    2.156030e+00    5.144500e-01    2.032000e-02    8.258480e+00    1.939500e-01 
   6.387900e-01    2.620000e-01    1.537000e-02    5.238900e-01    1.542700e-01    8.030000e-03    4.258000e-02    8.572800e+00    8.239010e+00    5.332340e+00    2.554960e+00    9.397700e-01    4.108000e-02    6.030860e+00    2.207190e+00    5.345900e-01    2.145000e-02    8.386580e+00    1.997100e-01 
   6.445400e-01    2.675600e-01    1.600000e-02    5.294500e-01    1.579800e-01    8.310000e-03    4.318000e-02    8.705350e+00    8.371950e+00    5.379960e+00    2.606820e+00    9.743700e-01    4.359000e-02    6.093350e+00    2.258620e+00    5.554800e-01    2.259000e-02    8.513320e+00    2.057200e-01 
   6.500700e-01    2.732800e-01    1.650000e-02    5.343200e-01    1.617000e-01    8.560000e-03    4.384000e-02    8.840550e+00    8.505610e+00    5.426940e+00    2.660790e+00    1.010160e+00    4.592000e-02    6.155720e+00    2.311280e+00    5.771400e-01    2.397000e-02    8.642660e+00    2.118300e-01 
   6.552200e-01    2.787400e-01    1.711000e-02    5.397200e-01    1.658500e-01    8.900000e-03    4.447000e-02    8.973170e+00    8.638970e+00    5.472570e+00    2.711790e+00    1.047650e+00    4.824000e-02    6.216660e+00    2.362520e+00    5.995700e-01    2.534000e-02    8.769610e+00    2.177600e-01 
   6.601100e-01    2.848100e-01    1.780000e-02    5.448400e-01    1.696800e-01    9.240000e-03    4.512000e-02    9.107400e+00    8.772800e+00    5.518930e+00    2.763740e+00    1.084970e+00    5.077000e-02    6.279260e+00    2.414150e+00    6.215300e-01    2.640000e-02    8.898020e+00    2.238100e-01 
   6.652600e-01    2.905300e-01    1.843000e-02    5.501800e-01    1.734700e-01    9.520000e-03    4.578000e-02    9.240480e+00    8.906480e+00    5.564140e+00    2.814540e+00    1.123190e+00    5.336000e-02    6.339280e+00    2.466490e+00    6.441500e-01    2.770000e-02    9.024740e+00    2.303500e-01 
   6.703000e-01    2.966600e-01    1.903000e-02    5.554800e-01    1.775500e-01    9.910000e-03    4.655000e-02    9.373690e+00    9.039990e+00    5.608200e+00    2.866400e+00    1.161410e+00    5.615000e-02    6.398470e+00    2.518520e+00    6.678600e-01    2.900000e-02    9.152100e+00    2.364100e-01 
   6.754000e-01    3.025900e-01    1.958000e-02    5.603800e-01    1.813200e-01    1.031000e-02    4.726000e-02    9.506630e+00    9.173390e+00    5.651250e+00    2.918390e+00    1.200510e+00    5.896000e-02    6.457960e+00    2.569620e+00    6.918500e-01    3.035000e-02    9.278130e+00    2.435900e-01 
   6.803100e-01    3.081100e-01    2.015000e-02    5.652000e-01    1.850900e-01    1.063000e-02    4.773000e-02    9.640420e+00    9.306680e+00    5.694320e+00    2.969470e+00    1.241670e+00    6.147000e-02    6.516540e+00    2.622220e+00    7.158100e-01    3.200000e-02    9.406010e+00    2.496500e-01 
   6.854000e-01    3.137900e-01    2.106000e-02    5.700700e-01    1.891600e-01    1.099000e-02    4.836000e-02    9.774340e+00    9.440370e+00    5.737140e+00    3.020970e+00    1.282020e+00    6.472000e-02    6.574530e+00    2.674930e+00    7.403700e-01    3.357000e-02    9.533930e+00    2.558200e-01 
   6.902000e-01    3.192000e-01    2.183000e-02    5.750600e-01    1.931800e-01    1.133000e-02    4.890000e-02    9.907150e+00    9.574300e+00    5.778620e+00    3.072480e+00    1.322550e+00    6.775000e-02    6.631500e+00    2.727340e+00    7.655400e-01    3.491000e-02    9.660290e+00    2.624500e-01 
   6.951400e-01    3.241600e-01    2.248000e-02    5.798900e-01    1.972500e-01    1.174000e-02    4.952000e-02    1.004076e+01    9.707550e+00    5.819760e+00    3.122880e+00    1.364800e+00    7.097000e-02    6.688500e+00    2.780290e+00    7.904700e-01    3.684000e-02    9.787310e+00    2.692900e-01 
   6.996100e-01    3.296600e-01    2.320000e-02    5.846000e-01    2.009000e-01    1.216000e-02    5.012000e-02    1.017514e+01    9.839400e+00    5.860130e+00    3.174940e+00    1.407220e+00    7.415000e-02    6.744580e+00    2.832690e+00    8.173300e-01    3.856000e-02    9.914820e+00    2.763800e-01 
   7.043300e-01    3.351400e-01    2.396000e-02    5.891600e-01    2.049200e-01    1.260000e-02    5.075000e-02    1.030881e+01    9.974330e+00    5.900100e+00    3.226120e+00    1.449750e+00    7.780000e-02    6.799280e+00    2.884980e+00    8.451600e-01    4.028000e-02    1.004145e+01    2.837000e-01 
   7.089500e-01    3.404000e-01    2.483000e-02    5.933400e-01    2.089800e-01    1.305000e-02    5.120000e-02    1.044151e+01    1.010763e+01    5.939700e+00    3.275700e+00    1.493300e+00    8.148000e-02    6.853340e+00    2.937560e+00    8.718100e-01    4.239000e-02    1.016734e+01    2.906600e-01 
   7.132500e-01    3.459600e-01    2.550000e-02    5.981400e-01    2.125100e-01    1.346000e-02    5.171000e-02    1.057499e+01    1.024240e+01    5.978770e+00    3.325500e+00    1.538020e+00    8.502000e-02    6.907140e+00    2.990590e+00    8.992200e-01    4.443000e-02    1.029424e+01    2.973800e-01 
   7.177100e-01    3.515200e-01    2.616000e-02    6.022700e-01    2.168000e-01    1.390000e-02    5.219000e-02    1.070581e+01    1.037422e+01    6.016330e+00    3.374680e+00    1.581960e+00    8.864000e-02    6.959970e+00    3.041820e+00    9.272800e-01    4.606000e-02    1.041789e+01    3.046600e-01 
   7.222700e-01    3.568800e-01    2.695000e-02    6.067200e-01    2.207700e-01    1.444000e-02    5.297000e-02    1.083976e+01    1.050810e+01    6.053890e+00    3.425030e+00    1.627580e+00    9.248000e-02    7.012150e+00    3.095020e+00    9.568300e-01    4.831000e-02    1.054491e+01    3.119200e-01 
   7.266100e-01    3.622000e-01    2.768000e-02    6.112700e-01    2.249300e-01    1.481000e-02    5.362000e-02    1.097324e+01    1.064067e+01    6.089640e+00    3.476590e+00    1.673390e+00    9.627000e-02    7.064080e+00    3.149300e+00    9.849500e-01    5.042000e-02    1.067135e+01    3.192200e-01 
   7.306600e-01    3.676200e-01    2.861000e-02    6.156900e-01    2.287700e-01    1.536000e-02    5.437000e-02    1.110666e+01    1.077325e+01    6.125720e+00    3.526470e+00    1.720020e+00    1.002500e-01    7.115890e+00    3.202190e+00    1.014450e+00    5.243000e-02    1.079770e+01    3.265600e-01 
   7.347900e-01    3.729800e-01    2.936000e-02    6.200500e-01    2.323800e-01    1.586000e-02    5.503000e-02    1.124086e+01    1.090538e+01    6.161700e+00    3.575310e+00    1.768210e+00    1.045100e-01    7.167630e+00    3.255300e+00    1.044490e+00    5.451000e-02    1.092453e+01    3.341200e-01 
   7.387200e-01    3.785400e-01    3.023000e-02    6.243300e-01    2.359700e-01    1.639000e-02    5.559000e-02    1.137590e+01    1.104110e+01    6.197100e+00    3.626120e+00    1.816590e+00    1.088100e-01    7.218990e+00    3.308990e+00    1.074680e+00    5.699000e-02    1.105174e+01    3.421400e-01 
   7.427300e-01    3.838600e-01    3.109000e-02    6.283400e-01    2.396600e-01    1.680000e-02    5.623000e-02    1.151001e+01    1.117402e+01    6.232110e+00    3.675460e+00    1.865440e+00    1.133100e-01    7.268670e+00    3.362350e+00    1.106040e+00    5.924000e-02    1.117823e+01    3.499800e-01 
   7.466500e-01    3.893000e-01    3.195000e-02    6.327900e-01    2.436900e-01    1.735000e-02    5.678000e-02    1.164300e+01    1.130791e+01    6.266970e+00    3.723870e+00    1.913980e+00    1.176100e-01    7.316010e+00    3.416710e+00    1.137740e+00    6.186000e-02    1.130400e+01    3.573900e-01 
   7.507300e-01    3.941400e-01    3.293000e-02    6.371300e-01    2.478700e-01    1.780000e-02    5.734000e-02    1.177597e+01    1.144328e+01    6.300150e+00    3.772390e+00    1.963800e+00    1.224300e-01    7.364730e+00    3.470330e+00    1.168830e+00    6.426000e-02    1.142909e+01    3.653800e-01 
   7.546800e-01    3.993900e-01    3.378000e-02    6.410300e-01    2.518600e-01    1.822000e-02    5.791000e-02    1.190849e+01    1.157672e+01    6.332990e+00    3.821370e+00    2.013190e+00    1.271400e-01    7.413350e+00    3.521700e+00    1.201290e+00    6.696000e-02    1.155405e+01    3.731300e-01 
   7.580100e-01    4.054300e-01    3.457000e-02    6.454000e-01    2.554900e-01    1.874000e-02    5.851000e-02    1.204140e+01    1.170947e+01    6.365740e+00    3.869640e+00    2.064210e+00    1.315800e-01    7.460070e+00    3.575240e+00    1.233680e+00    6.975000e-02    1.167945e+01    3.808200e-01 
   7.617200e-01    4.106100e-01    3.557000e-02    6.496300e-01    2.594200e-01    1.930000e-02    5.910000e-02    1.217510e+01    1.184249e+01    6.397680e+00    3.918350e+00    2.115340e+00    1.367200e-01    7.507300e+00    3.628050e+00    1.267330e+00    7.257000e-02    1.180513e+01    3.889800e-01 
   7.654800e-01    4.153900e-01    3.639000e-02    6.536800e-01    2.634100e-01    1.973000e-02    5.964000e-02    1.230852e+01    1.197529e+01    6.429000e+00    3.965520e+00    2.168000e+00    1.419300e-01    7.553510e+00    3.681750e+00    1.300770e+00    7.539000e-02    1.193093e+01    3.967800e-01 
   7.692100e-01    4.206000e-01    3.746000e-02    6.573700e-01    2.676000e-01    2.023000e-02    6.038000e-02    1.244015e+01    1.210841e+01    6.459070e+00    4.012830e+00    2.220590e+00    1.470400e-01    7.599630e+00    3.734790e+00    1.333450e+00    7.793000e-02    1.205468e+01    4.048900e-01 
   7.726300e-01    4.262600e-01    3.856000e-02    6.612600e-01    2.714800e-01    2.074000e-02    6.086000e-02    1.257374e+01    1.224219e+01    6.489670e+00    4.060470e+00    2.273930e+00    1.522800e-01    7.644390e+00    3.788630e+00    1.368250e+00    8.094000e-02    1.217991e+01    4.134200e-01 
   7.760600e-01    4.312400e-01    3.943000e-02    6.648600e-01    2.752400e-01    2.134000e-02    6.144000e-02    1.270676e+01    1.237395e+01    6.520270e+00    4.106470e+00    2.328090e+00    1.577100e-01    7.689900e+00    3.840770e+00    1.403330e+00    8.378000e-02    1.230495e+01    4.215600e-01 
   7.793400e-01    4.365400e-01    4.039000e-02    6.688000e-01    2.796000e-01    2.191000e-02    6.208000e-02    1.284044e+01    1.250661e+01    6.550020e+00    4.153050e+00    2.382520e+00    1.637900e-01    7.734070e+00    3.893810e+00    1.439440e+00    8.686000e-02    1.243038e+01    4.300200e-01 
   7.827700e-01    4.415700e-01    4.158000e-02    6.726000e-01    2.835300e-01    2.238000e-02    6.282000e-02    1.297359e+01    1.264020e+01    6.579390e+00    4.199790e+00    2.437360e+00    1.691600e-01    7.777700e+00    3.947220e+00    1.475090e+00    8.993000e-02    1.255552e+01    4.383000e-01 
   7.863800e-01    4.465800e-01    4.247000e-02    6.763800e-01    2.872800e-01    2.305000e-02    6.340000e-02    1.310827e+01    1.277329e+01    6.608120e+00    4.247480e+00    2.493120e+00    1.750600e-01    7.823130e+00    4.000750e+00    1.510260e+00    9.306000e-02    1.268190e+01    4.468300e-01 
   7.895500e-01    4.513800e-01    4.333000e-02    6.801400e-01    2.912600e-01    2.359000e-02    6.396000e-02    1.324344e+01    1.290668e+01    6.636560e+00    4.293900e+00    2.550090e+00    1.815500e-01    7.865400e+00    4.055310e+00    1.547900e+00    9.641000e-02    1.280775e+01    4.563000e-01 
   7.927700e-01    4.565100e-01    4.440000e-02    6.839200e-01    2.950400e-01    2.428000e-02    6.462000e-02    1.337784e+01    1.304076e+01    6.664670e+00    4.340350e+00    2.606710e+00    1.880600e-01    7.907890e+00    4.108690e+00    1.585940e+00    9.977000e-02    1.293389e+01    4.647900e-01 
   7.959000e-01    4.614100e-01    4.526000e-02    6.873900e-01    2.986800e-01    2.481000e-02    6.530000e-02    1.350966e+01    1.317564e+01    6.691630e+00    4.385610e+00    2.662980e+00    1.942100e-01    7.949800e+00    4.161050e+00    1.622590e+00    1.032300e-01    1.305735e+01    4.734500e-01 
   7.989600e-01    4.665400e-01    4.640000e-02    6.907200e-01    3.027300e-01    2.541000e-02    6.592000e-02    1.364283e+01    1.331024e+01    6.718570e+00    4.432040e+00    2.719250e+00    2.006100e-01    7.991530e+00    4.213540e+00    1.660670e+00    1.067300e-01    1.318170e+01    4.824700e-01 
   8.022500e-01    4.717700e-01    4.741000e-02    6.944000e-01    3.066700e-01    2.603000e-02    6.644000e-02    1.377658e+01    1.344411e+01    6.745330e+00    4.477030e+00    2.777870e+00    2.070600e-01    8.032480e+00    4.266530e+00    1.699430e+00    1.103500e-01    1.330622e+01    4.918800e-01 
   8.052500e-01    4.766400e-01    4.845000e-02    6.981400e-01    3.108000e-01    2.656000e-02    6.702000e-02    1.391017e+01    1.357561e+01    6.771210e+00    4.521610e+00    2.837360e+00    2.137800e-01    8.073930e+00    4.319190e+00    1.738250e+00    1.139900e-01    1.343168e+01    5.002300e-01 
   8.082800e-01    4.819100e-01    4.961000e-02    7.015100e-01    3.147100e-01    2.714000e-02    6.769000e-02    1.404106e+01    1.371013e+01    6.796530e+00    4.565660e+00    2.895750e+00    2.201800e-01    8.112790e+00    4.370720e+00    1.777510e+00    1.178400e-01    1.355356e+01    5.094700e-01 
   8.110600e-01    4.870300e-01    5.053000e-02    7.050100e-01    3.187200e-01    2.769000e-02    6.835000e-02    1.417531e+01    1.384311e+01    6.822440e+00    4.609490e+00    2.956000e+00    2.271800e-01    8.152480e+00    4.423680e+00    1.817840e+00    1.217300e-01    1.367840e+01    5.190500e-01 
   8.137700e-01    4.917500e-01    5.158000e-02    7.083300e-01    3.226600e-01    2.821000e-02    6.892000e-02    1.430706e+01    1.397554e+01    6.847070e+00    4.653620e+00    3.014730e+00    2.342900e-01    8.191140e+00    4.475190e+00    1.858250e+00    1.255000e-01    1.380108e+01    5.282500e-01 
   8.167300e-01    4.962500e-01    5.275000e-02    7.119000e-01    3.265400e-01    2.876000e-02    6.952000e-02    1.443950e+01    1.410887e+01    6.871660e+00    4.697300e+00    3.075000e+00    2.411900e-01    8.229460e+00    4.527720e+00    1.898640e+00    1.292500e-01    1.392412e+01    5.378500e-01 
   8.194900e-01    5.009100e-01    5.374000e-02    7.152900e-01    3.306200e-01    2.935000e-02    7.008000e-02    1.457471e+01    1.424086e+01    6.896590e+00    4.740940e+00    3.137170e+00    2.485800e-01    8.268550e+00    4.581780e+00    1.939610e+00    1.331600e-01    1.405019e+01    5.471500e-01 
   8.223700e-01    5.057100e-01    5.491000e-02    7.182000e-01    3.345000e-01    3.007000e-02    7.071000e-02    1.470791e+01    1.437377e+01    6.919810e+00    4.784540e+00    3.198780e+00    2.563000e-01    8.305610e+00    4.634190e+00    1.981480e+00    1.377200e-01    1.417391e+01    5.568600e-01 
   8.250800e-01    5.101800e-01    5.598000e-02    7.217300e-01    3.380600e-01    3.064000e-02    7.136000e-02    1.484070e+01    1.450672e+01    6.943010e+00    4.827480e+00    3.260320e+00    2.642800e-01    8.342980e+00    4.686030e+00    2.023750e+00    1.415900e-01    1.429789e+01    5.658700e-01 
   8.278000e-01    5.150600e-01    5.709000e-02    7.247700e-01    3.418200e-01    3.152000e-02    7.198000e-02    1.497360e+01    1.464210e+01    6.966620e+00    4.869430e+00    3.322360e+00    2.724900e-01    8.379530e+00    4.737430e+00    2.066800e+00    1.460500e-01    1.442075e+01    5.760900e-01 
   8.304400e-01    5.194200e-01    5.822000e-02    7.278400e-01    3.455700e-01    3.210000e-02    7.267000e-02    1.510693e+01    1.477452e+01    6.989840e+00    4.911580e+00    3.385180e+00    2.802700e-01    8.415690e+00    4.789850e+00    2.109380e+00    1.506400e-01    1.454444e+01    5.859500e-01 
   8.329600e-01    5.242100e-01    5.929000e-02    7.308200e-01    3.497300e-01    3.282000e-02    7.321000e-02    1.524123e+01    1.490723e+01    7.011760e+00    4.954790e+00    3.449400e+00    2.881000e-01    8.451980e+00    4.841990e+00    2.153180e+00    1.553900e-01    1.466906e+01    5.958100e-01 
   8.356200e-01    5.292900e-01    6.058000e-02    7.339500e-01    3.540100e-01    3.367000e-02    7.381000e-02    1.537459e+01    1.504056e+01    7.034300e+00    4.996660e+00    3.512760e+00    2.967800e-01    8.487810e+00    4.894010e+00    2.196590e+00    1.602500e-01    1.479296e+01    6.054500e-01 
   8.383100e-01    5.340800e-01    6.177000e-02    7.370000e-01    3.576100e-01    3.432000e-02    7.431000e-02    1.550729e+01    1.517367e+01    7.055770e+00    5.037720e+00    3.577120e+00    3.054100e-01    8.522780e+00    4.945160e+00    2.240780e+00    1.650300e-01    1.491564e+01    6.155600e-01 
   8.409400e-01    5.387800e-01    6.284000e-02    7.399900e-01    3.616400e-01    3.501000e-02    7.494000e-02    1.564016e+01    1.530822e+01    7.077750e+00    5.078610e+00    3.641830e+00    3.136300e-01    8.556690e+00    4.997270e+00    2.285340e+00    1.698000e-01    1.503897e+01    6.253200e-01 
   8.432900e-01    5.433300e-01    6.382000e-02    7.431500e-01    3.650600e-01    3.570000e-02    7.569000e-02    1.577232e+01    1.544133e+01    7.097960e+00    5.119410e+00    3.706200e+00    3.230000e-01    8.590970e+00    5.048020e+00    2.330080e+00    1.744600e-01    1.516111e+01    6.355100e-01 
   8.457100e-01    5.478000e-01    6.510000e-02    7.460400e-01    3.690300e-01    3.664000e-02    7.617000e-02    1.590699e+01    1.557365e+01    7.119240e+00    5.159510e+00    3.772680e+00    3.324700e-01    8.625880e+00    5.099410e+00    2.375790e+00    1.795900e-01    1.528549e+01    6.459400e-01 
   8.483700e-01    5.525800e-01    6.630000e-02    7.490500e-01    3.726900e-01    3.760000e-02    7.673000e-02    1.604284e+01    1.570658e+01    7.140040e+00    5.201290e+00    3.839930e+00    3.414400e-01    8.661040e+00    5.150640e+00    2.422320e+00    1.853000e-01    1.541063e+01    6.568500e-01 
   8.507100e-01    5.569900e-01    6.767000e-02    7.518200e-01    3.764600e-01    3.840000e-02    7.737000e-02    1.617563e+01    1.583909e+01    7.159970e+00    5.240000e+00    3.907390e+00    3.506600e-01    8.693960e+00    5.202550e+00    2.467470e+00    1.904700e-01    1.553338e+01    6.671000e-01 
   8.528300e-01    5.610700e-01    6.883000e-02    7.548500e-01    3.804900e-01    3.911000e-02    7.788000e-02    1.630756e+01    1.597494e+01    7.179410e+00    5.280540e+00    3.972560e+00    3.600100e-01    8.726170e+00    5.253470e+00    2.513320e+00    1.959400e-01    1.565488e+01    6.776900e-01 
   8.551300e-01    5.653200e-01    6.992000e-02    7.576600e-01    3.846300e-01    3.985000e-02    7.849000e-02    1.644123e+01    1.610948e+01    7.198890e+00    5.320410e+00    4.040390e+00    3.692700e-01    8.758440e+00    5.304820e+00    2.560310e+00    2.014400e-01    1.577845e+01    6.880300e-01 
   8.572000e-01    5.698900e-01    7.111000e-02    7.600600e-01    3.887600e-01    4.050000e-02    7.909000e-02    1.657590e+01    1.624161e+01    7.218620e+00    5.359310e+00    4.109260e+00    3.792400e-01    8.790870e+00    5.355600e+00    2.608720e+00    2.070100e-01    1.590237e+01    6.989400e-01 
   8.596300e-01    5.739400e-01    7.231000e-02    7.625500e-01    3.926400e-01    4.140000e-02    7.962000e-02    1.670922e+01    1.637501e+01    7.237630e+00    5.398450e+00    4.176930e+00    3.893400e-01    8.822850e+00    5.405210e+00    2.657090e+00    2.128600e-01    1.602493e+01    7.098500e-01 
   8.619500e-01    5.778400e-01    7.334000e-02    7.651500e-01    3.965600e-01    4.222000e-02    8.008000e-02    1.684151e+01    1.650823e+01    7.256030e+00    5.436710e+00    4.244960e+00    3.992900e-01    8.854460e+00    5.454330e+00    2.705070e+00    2.188400e-01    1.614603e+01    7.211900e-01 
   8.641600e-01    5.819700e-01    7.448000e-02    7.678900e-01    3.999800e-01    4.301000e-02    8.085000e-02    1.697642e+01    1.664140e+01    7.274860e+00    5.475640e+00    4.313980e+00    4.098900e-01    8.886600e+00    5.504420e+00    2.754320e+00    2.246700e-01    1.627009e+01    7.322800e-01 
   8.662700e-01    5.864900e-01    7.578000e-02    7.706400e-01    4.034100e-01    4.375000e-02    8.136000e-02    1.710911e+01    1.677524e+01    7.292600e+00    5.512740e+00    4.383860e+00    4.204000e-01    8.917320e+00    5.553920e+00    2.803260e+00    2.303900e-01    1.639198e+01    7.432400e-01 
   8.684300e-01    5.905400e-01    7.704000e-02    7.731800e-01    4.069600e-01    4.446000e-02    8.187000e-02    1.724198e+01    1.690947e+01    7.309920e+00    5.550170e+00    4.453540e+00    4.311000e-01    8.947130e+00    5.603650e+00    2.852170e+00    2.370400e-01    1.651394e+01    7.543100e-01 
   8.703800e-01    5.946100e-01    7.834000e-02    7.759900e-01    4.108200e-01    4.527000e-02    8.247000e-02    1.737347e+01    1.704237e+01    7.327120e+00    5.587800e+00    4.522210e+00    4.416500e-01    8.976340e+00    5.653030e+00    2.901420e+00    2.430600e-01    1.663489e+01    7.650900e-01 
   8.726900e-01    5.988600e-01    7.969000e-02    7.788100e-01    4.144900e-01    4.592000e-02    8.290000e-02    1.750771e+01    1.717575e+01    7.343980e+00    5.626020e+00    4.593150e+00    4.524400e-01    9.006420e+00    5.703000e+00    2.951740e+00    2.491200e-01    1.675813e+01    7.762200e-01 
   8.747700e-01    6.028700e-01    8.108000e-02    7.814700e-01    4.180300e-01    4.679000e-02    8.353000e-02    1.764094e+01    1.730831e+01    7.361030e+00    5.662730e+00    4.663410e+00    4.639700e-01    9.035460e+00    5.752200e+00    3.002540e+00    2.556100e-01    1.688033e+01    7.874400e-01 
   8.767900e-01    6.068900e-01    8.229000e-02    7.841800e-01    4.215500e-01    4.776000e-02    8.428000e-02    1.777496e+01    1.744048e+01    7.378080e+00    5.699580e+00    4.734920e+00    4.750300e-01    9.064640e+00    5.802060e+00    3.053610e+00    2.618900e-01    1.700289e+01    7.991300e-01 
   8.786000e-01    6.112800e-01    8.361000e-02    7.868400e-01    4.253300e-01    4.879000e-02    8.494000e-02    1.790873e+01    1.757404e+01    7.394090e+00    5.735990e+00    4.806880e+00    4.869100e-01    9.092650e+00    5.851350e+00    3.105640e+00    2.687300e-01    1.712520e+01    8.108000e-01 
   8.803700e-01    6.151900e-01    8.478000e-02    7.896200e-01    4.291400e-01    4.954000e-02    8.553000e-02    1.804191e+01    1.770821e+01    7.410420e+00    5.771340e+00    4.878650e+00    4.988300e-01    9.119890e+00    5.900750e+00    3.157820e+00    2.755700e-01    1.724744e+01    8.219200e-01 
   8.820300e-01    6.191600e-01    8.600000e-02    7.920500e-01    4.329500e-01    5.052000e-02    8.606000e-02    1.817507e+01    1.784017e+01    7.426730e+00    5.806740e+00    4.951130e+00    5.101500e-01    9.148560e+00    5.949670e+00    3.208110e+00    2.833400e-01    1.736880e+01    8.339000e-01 
   8.839200e-01    6.231000e-01    8.739000e-02    7.943500e-01    4.363000e-01    5.146000e-02    8.649000e-02    1.830906e+01    1.797477e+01    7.442360e+00    5.842460e+00    5.024370e+00    5.220200e-01    9.176940e+00    5.998510e+00    3.260200e+00    2.903800e-01    1.749090e+01    8.459000e-01 
   8.857500e-01    6.269000e-01    8.860000e-02    7.965300e-01    4.399400e-01    5.221000e-02    8.700000e-02    1.844014e+01    1.810799e+01    7.457720e+00    5.878050e+00    5.094740e+00    5.337800e-01    9.204540e+00    6.045470e+00    3.311990e+00    2.971200e-01    1.761043e+01    8.576200e-01 
   8.876200e-01    6.308400e-01    8.983000e-02    7.988200e-01    4.431800e-01    5.280000e-02    8.770000e-02    1.857450e+01    1.824335e+01    7.472760e+00    5.913480e+00    5.168340e+00    5.463400e-01    9.231550e+00    6.094510e+00    3.365410e+00    3.040300e-01    1.773334e+01    8.692900e-01 
   8.892700e-01    6.346100e-01    9.108000e-02    8.010200e-01    4.466600e-01    5.360000e-02    8.848000e-02    1.870642e+01    1.837459e+01    7.486960e+00    5.947960e+00    5.241080e+00    5.590400e-01    9.258060e+00    6.142590e+00    3.417870e+00    3.111500e-01    1.785427e+01    8.805700e-01 
   8.909800e-01    6.384900e-01    9.236000e-02    8.031300e-01    4.502900e-01    5.449000e-02    8.916000e-02    1.884147e+01    1.850667e+01    7.501440e+00    5.982010e+00    5.316610e+00    5.722600e-01    9.284760e+00    6.190930e+00    3.472690e+00    3.185000e-01    1.797701e+01    8.931900e-01 
   8.927000e-01    6.421600e-01    9.370000e-02    8.055500e-01    4.539800e-01    5.555000e-02    8.974000e-02    1.897509e+01    1.864085e+01    7.515590e+00    6.016150e+00    5.391570e+00    5.849400e-01    9.310220e+00    6.239050e+00    3.527110e+00    3.264600e-01    1.809834e+01    9.056700e-01 
   8.942000e-01    6.460800e-01    9.492000e-02    8.077100e-01    4.576900e-01    5.645000e-02    9.040000e-02    1.910847e+01    1.877330e+01    7.530210e+00    6.049640e+00    5.466330e+00    5.975500e-01    9.336370e+00    6.286160e+00    3.581750e+00    3.342100e-01    1.821999e+01    9.176100e-01 
   8.959700e-01    6.495000e-01    9.653000e-02    8.101300e-01    4.612900e-01    5.736000e-02    9.096000e-02    1.924137e+01    1.890875e+01    7.544150e+00    6.083180e+00    5.540850e+00    6.106800e-01    9.362050e+00    6.333440e+00    3.635880e+00    3.422700e-01    1.834021e+01    9.304400e-01 
   8.976000e-01    6.534300e-01    9.792000e-02    8.122500e-01    4.647000e-01    5.832000e-02    9.175000e-02    1.937524e+01    1.904086e+01    7.557690e+00    6.116750e+00    5.616520e+00    6.240400e-01    9.387920e+00    6.380110e+00    3.691250e+00    3.503900e-01    1.846155e+01    9.432600e-01 
   8.993200e-01    6.569500e-01    9.939000e-02    8.143000e-01    4.682600e-01    5.921000e-02    9.229000e-02    1.950872e+01    1.917533e+01    7.572000e+00    6.149930e+00    5.691570e+00    6.371800e-01    9.412320e+00    6.427180e+00    3.747020e+00    3.588700e-01    1.858314e+01    9.553600e-01 
   9.010000e-01    6.604000e-01    1.007600e-01    8.165400e-01    4.721000e-01    6.020000e-02    9.298000e-02    1.963932e+01    1.930838e+01    7.584910e+00    6.181360e+00    5.766250e+00    6.510700e-01    9.436380e+00    6.472950e+00    3.802250e+00    3.670000e-01    1.870169e+01    9.677000e-01 
   9.023800e-01    6.640500e-01    1.022400e-01    8.185800e-01    4.755700e-01    6.113000e-02    9.374000e-02    1.977450e+01    1.944164e+01    7.598180e+00    6.213930e+00    5.843470e+00    6.653500e-01    9.461050e+00    6.520570e+00    3.858830e+00    3.753100e-01    1.882476e+01    9.800900e-01 
   9.038500e-01    6.675200e-01    1.037000e-01    8.205700e-01    4.788800e-01    6.184000e-02    9.447000e-02    1.990954e+01    1.957495e+01    7.610900e+00    6.247090e+00    5.920740e+00    6.794900e-01    9.485260e+00    6.567760e+00    3.916390e+00    3.833700e-01    1.894700e+01    9.931100e-01 
   9.053400e-01    6.712100e-01    1.051400e-01    8.225500e-01    4.821900e-01    6.268000e-02    9.500000e-02    2.004296e+01    1.970723e+01    7.624220e+00    6.279320e+00    5.995980e+00    6.943000e-01    9.508490e+00    6.614570e+00    3.973350e+00    3.920700e-01    1.906782e+01    1.005830e+00 
   9.065700e-01    6.743700e-01    1.065300e-01    8.247100e-01    4.857000e-01    6.370000e-02    9.567000e-02    2.017667e+01    1.984166e+01    7.636410e+00    6.310650e+00    6.073270e+00    7.093400e-01    9.532320e+00    6.659590e+00    4.031500e+00    4.010000e-01    1.918835e+01    1.019220e+00 
   9.080900e-01    6.779700e-01    1.080800e-01    8.269400e-01    4.890700e-01    6.481000e-02    9.629000e-02    2.030979e+01    1.997688e+01    7.648740e+00    6.341960e+00    6.150070e+00    7.241800e-01    9.556680e+00    6.705120e+00    4.087730e+00    4.101100e-01    1.930916e+01    1.031740e+00 
   9.094200e-01    6.814500e-01    1.095700e-01    8.287000e-01    4.924800e-01    6.568000e-02    9.688000e-02    2.044317e+01    2.010982e+01    7.660790e+00    6.372910e+00    6.227430e+00    7.392700e-01    9.579350e+00    6.751120e+00    4.145230e+00    4.192700e-01    1.942985e+01    1.044680e+00 
   9.107900e-01    6.846700e-01    1.107100e-01    8.305900e-01    4.960200e-01    6.651000e-02    9.743000e-02    2.057330e+01    2.024264e+01    7.671830e+00    6.403210e+00    6.303650e+00    7.540200e-01    9.601460e+00    6.795260e+00    4.202510e+00    4.278900e-01    1.954721e+01    1.057570e+00 
   9.121800e-01    6.881300e-01    1.121300e-01    8.327500e-01    4.994900e-01    6.756000e-02    9.805000e-02    2.070706e+01    2.037632e+01    7.683690e+00    6.434330e+00    6.381450e+00    7.691500e-01    9.624120e+00    6.840040e+00    4.262040e+00    4.367600e-01    1.966802e+01    1.070690e+00 
   9.134500e-01    6.916000e-01    1.136400e-01    8.346600e-01    5.028500e-01    6.849000e-02    9.871000e-02    2.084094e+01    2.050817e+01    7.695300e+00    6.464180e+00    6.460350e+00    7.848200e-01    9.646000e+00    6.886620e+00    4.320260e+00    4.460000e-01    1.978924e+01    1.083510e+00 
   9.148400e-01    6.948500e-01    1.150000e-01    8.366800e-01    5.062600e-01    6.946000e-02    9.958000e-02    2.097438e+01    2.064073e+01    7.706710e+00    6.493260e+00    6.539950e+00    8.001600e-01    9.667710e+00    6.931730e+00    4.379530e+00    4.554800e-01    1.990911e+01    1.097370e+00 
   9.160900e-01    6.977300e-01    1.163500e-01    8.385200e-01    5.099400e-01    7.049000e-02    1.001100e-01    2.110799e+01    2.077439e+01    7.718180e+00    6.522700e+00    6.618820e+00    8.158800e-01    9.689030e+00    6.976580e+00    4.439450e+00    4.652800e-01    2.002929e+01    1.111000e+00 
   9.175500e-01    7.012700e-01    1.177700e-01    8.405400e-01    5.136400e-01    7.138000e-02    1.007400e-01    2.123930e+01    2.090668e+01    7.728870e+00    6.551900e+00    6.696320e+00    8.317500e-01    9.709820e+00    7.020150e+00    4.498730e+00    4.749500e-01    2.014741e+01    1.124380e+00 
   9.189600e-01    7.043600e-01    1.191100e-01    8.425600e-01    5.169900e-01    7.233000e-02    1.013300e-01    2.137127e+01    2.104115e+01    7.739450e+00    6.581180e+00    6.774600e+00    8.476800e-01    9.730630e+00    7.063480e+00    4.558840e+00    4.848000e-01    2.026641e+01    1.137500e+00 
   9.203300e-01    7.077500e-01    1.204500e-01    8.442000e-01    5.198600e-01    7.314000e-02    1.018700e-01    2.150580e+01    2.117384e+01    7.750640e+00    6.609950e+00    6.854530e+00    8.644400e-01    9.751470e+00    7.108070e+00    4.619440e+00    4.951800e-01    2.038707e+01    1.151470e+00 
   9.216800e-01    7.106200e-01    1.219300e-01    8.459500e-01    5.231000e-01    7.411000e-02    1.023900e-01    2.164029e+01    2.130513e+01    7.761250e+00    6.639170e+00    6.934000e+00    8.815500e-01    9.772560e+00    7.152440e+00    4.680460e+00    5.050600e-01    2.050745e+01    1.165800e+00 
   9.227900e-01    7.135400e-01    1.231500e-01    8.477900e-01    5.267200e-01    7.512000e-02    1.030300e-01    2.177309e+01    2.143779e+01    7.771090e+00    6.667500e+00    7.013390e+00    8.984400e-01    9.792980e+00    7.195190e+00    4.741790e+00    5.153500e-01    2.062626e+01    1.179990e+00 
   9.241400e-01    7.170500e-01    1.245200e-01    8.495200e-01    5.300700e-01    7.603000e-02    1.036800e-01    2.190731e+01    2.157394e+01    7.781580e+00    6.696410e+00    7.093220e+00    9.154600e-01    9.814070e+00    7.238420e+00    4.803390e+00    5.257200e-01    2.074674e+01    1.194030e+00 
   9.253100e-01    7.202400e-01    1.260400e-01    8.512600e-01    5.333700e-01    7.699000e-02    1.041900e-01    2.204138e+01    2.170757e+01    7.791500e+00    6.724580e+00    7.173970e+00    9.327400e-01    9.834050e+00    7.281900e+00    4.865570e+00    5.359800e-01    2.086689e+01    1.208120e+00 
   9.266500e-01    7.232700e-01    1.274800e-01    8.529800e-01    5.362200e-01    7.798000e-02    1.048500e-01    2.217341e+01    2.184082e+01    7.801370e+00    6.751070e+00    7.254140e+00    9.501500e-01    9.853060e+00    7.324910e+00    4.926710e+00    5.466300e-01    2.098539e+01    1.221890e+00 
   9.277800e-01    7.262700e-01    1.288900e-01    8.546100e-01    5.394100e-01    7.892000e-02    1.053500e-01    2.230763e+01    2.197335e+01    7.811420e+00    6.779040e+00    7.335210e+00    9.670800e-01    9.872330e+00    7.367480e+00    4.989990e+00    5.576000e-01    2.110542e+01    1.236300e+00 
   9.290400e-01    7.293500e-01    1.301100e-01    8.561500e-01    5.425800e-01    8.000000e-02    1.058900e-01    2.243954e+01    2.210834e+01    7.820880e+00    6.805870e+00    7.415200e+00    9.847000e-01    9.892000e+00    7.409130e+00    5.051320e+00    5.687200e-01    2.122355e+01    1.250250e+00 
   9.301900e-01    7.327000e-01    1.315500e-01    8.578100e-01    5.458200e-01    8.102000e-02    1.063900e-01    2.257359e+01    2.224012e+01    7.830710e+00    6.832490e+00    7.496750e+00    1.002770e+00    9.911090e+00    7.452300e+00    5.114250e+00    5.796100e-01    2.134326e+01    1.264760e+00 
   9.314000e-01    7.355500e-01    1.330400e-01    8.592500e-01    5.490900e-01    8.213000e-02    1.069900e-01    2.270714e+01    2.237389e+01    7.839890e+00    6.859760e+00    7.577730e+00    1.020750e+00    9.929900e+00    7.493540e+00    5.178730e+00    5.904800e-01    2.146203e+01    1.279700e+00 
   9.324200e-01    7.383300e-01    1.343700e-01    8.609300e-01    5.524400e-01    8.328000e-02    1.077000e-01    2.284051e+01    2.250667e+01    7.848740e+00    6.886030e+00    7.659140e+00    1.039190e+00    9.948800e+00    7.535770e+00    5.241580e+00    6.019700e-01    2.158127e+01    1.294030e+00 
   9.334900e-01    7.414900e-01    1.357500e-01    8.623400e-01    5.552000e-01    8.420000e-02    1.081700e-01    2.297316e+01    2.264149e+01    7.857410e+00    6.912100e+00    7.740190e+00    1.057800e+00    9.966910e+00    7.576820e+00    5.305850e+00    6.129000e-01    2.169948e+01    1.308630e+00 
   9.343300e-01    7.442500e-01    1.371900e-01    8.641600e-01    5.583300e-01    8.530000e-02    1.087100e-01    2.310593e+01    2.277419e+01    7.866480e+00    6.937120e+00    7.822560e+00    1.075790e+00    9.985540e+00    7.617350e+00    5.369920e+00    6.244400e-01    2.181823e+01    1.322800e+00 
   9.354000e-01    7.469600e-01    1.387800e-01    8.655700e-01    5.615600e-01    8.631000e-02    1.091700e-01    2.324001e+01    2.290725e+01    7.874890e+00    6.962740e+00    7.905360e+00    1.094840e+00    1.000282e+01    7.659170e+00    5.434660e+00    6.365400e-01    2.193771e+01    1.337510e+00 
   9.364100e-01    7.499500e-01    1.405300e-01    8.671100e-01    5.642800e-01    8.734000e-02    1.098100e-01    2.337375e+01    2.303891e+01    7.883590e+00    6.987890e+00    7.987640e+00    1.114440e+00    1.002100e+01    7.700650e+00    5.498890e+00    6.482400e-01    2.205701e+01    1.352090e+00 
   9.375400e-01    7.529700e-01    1.420900e-01    8.685800e-01    5.669300e-01    8.817000e-02    1.104100e-01    2.350678e+01    2.317391e+01    7.892310e+00    7.013140e+00    8.069270e+00    1.133610e+00    1.003918e+01    7.741700e+00    5.562060e+00    6.606200e-01    2.217539e+01    1.366930e+00 
   9.385500e-01    7.558700e-01    1.434100e-01    8.700300e-01    5.700800e-01    8.923000e-02    1.111000e-01    2.363972e+01    2.330576e+01    7.900290e+00    7.037910e+00    8.151960e+00    1.152740e+00    1.005695e+01    7.781430e+00    5.627510e+00    6.724000e-01    2.229345e+01    1.382030e+00 
   9.394400e-01    7.587000e-01    1.449500e-01    8.715500e-01    5.734300e-01    9.033000e-02    1.115600e-01    2.377020e+01    2.343939e+01    7.908330e+00    7.062040e+00    8.232250e+00    1.172490e+00    1.007330e+01    7.820940e+00    5.691790e+00    6.847500e-01    2.240959e+01    1.396490e+00 
   9.403600e-01    7.613400e-01    1.465100e-01    8.731900e-01    5.762900e-01    9.136000e-02    1.121200e-01    2.390484e+01    2.357322e+01    7.916410e+00    7.086840e+00    8.315440e+00    1.192800e+00    1.009033e+01    7.862210e+00    5.757730e+00    6.969800e-01    2.252852e+01    1.412430e+00 
   9.413600e-01    7.642400e-01    1.480400e-01    8.745500e-01    5.792600e-01    9.228000e-02    1.126200e-01    2.403768e+01    2.370530e+01    7.924090e+00    7.110790e+00    8.398160e+00    1.212880e+00    1.010680e+01    7.902650e+00    5.822890e+00    7.096800e-01    2.264637e+01    1.427610e+00 
   9.422200e-01    7.668000e-01    1.496500e-01    8.761000e-01    5.823700e-01    9.310000e-02    1.132500e-01    2.417088e+01    2.383757e+01    7.932130e+00    7.134790e+00    8.481030e+00    1.232950e+00    1.012365e+01    7.941500e+00    5.889400e+00    7.223900e-01    2.276539e+01    1.442010e+00 
   9.430900e-01    7.693700e-01    1.512000e-01    8.778100e-01    5.853200e-01    9.407000e-02    1.138400e-01    2.430547e+01    2.397150e+01    7.939560e+00    7.158060e+00    8.566340e+00    1.253360e+00    1.014017e+01    7.980700e+00    5.957390e+00    7.351900e-01    2.288392e+01    1.458280e+00 
   9.440600e-01    7.720900e-01    1.526600e-01    8.791200e-01    5.882400e-01    9.504000e-02    1.144300e-01    2.443882e+01    2.410405e+01    7.947020e+00    7.181640e+00    8.649350e+00    1.274180e+00    1.015582e+01    8.020360e+00    6.024170e+00    7.482800e-01    2.300192e+01    1.473840e+00 
   9.450100e-01    7.748600e-01    1.541900e-01    8.804600e-01    5.911800e-01    9.603000e-02    1.149900e-01    2.457109e+01    2.423758e+01    7.954030e+00    7.204650e+00    8.732270e+00    1.295250e+00    1.017140e+01    8.059750e+00    6.089980e+00    7.613200e-01    2.311994e+01    1.488260e+00 
   9.458100e-01    7.773200e-01    1.556800e-01    8.818200e-01    5.943100e-01    9.712000e-02    1.155300e-01    2.470424e+01    2.437224e+01    7.961340e+00    7.227150e+00    8.816170e+00    1.316260e+00    1.018726e+01    8.097680e+00    6.157300e+00    7.750700e-01    2.323767e+01    1.503860e+00 
   9.463800e-01    7.801100e-01    1.571800e-01    8.831400e-01    5.972400e-01    9.814000e-02    1.159700e-01    2.483511e+01    2.450411e+01    7.968510e+00    7.248560e+00    8.898760e+00    1.337460e+00    1.020285e+01    8.135490e+00    6.223710e+00    7.880300e-01    2.335337e+01    1.519220e+00 
   9.471700e-01    7.827400e-01    1.587000e-01    8.844500e-01    5.999100e-01    9.932000e-02    1.166000e-01    2.496929e+01    2.463780e+01    7.975710e+00    7.271220e+00    8.982110e+00    1.359980e+00    1.021872e+01    8.174250e+00    6.291720e+00    8.013900e-01    2.347153e+01    1.535400e+00 
   9.479600e-01    7.848700e-01    1.604000e-01    8.857600e-01    6.027300e-01    1.004100e-01    1.172400e-01    2.510249e+01    2.477038e+01    7.982400e+00    7.293650e+00    9.066800e+00    1.380930e+00    1.023373e+01    8.213120e+00    6.358760e+00    8.153300e-01    2.358886e+01    1.551500e+00 
   9.488600e-01    7.873100e-01    1.619100e-01    8.870900e-01    6.059100e-01    1.016300e-01    1.177900e-01    2.523698e+01    2.490326e+01    7.989040e+00    7.316710e+00    9.151480e+00    1.402740e+00    1.024927e+01    8.250740e+00    6.427830e+00    8.294300e-01    2.370796e+01    1.567080e+00 
   9.495900e-01    7.898500e-01    1.632800e-01    8.886300e-01    6.084800e-01    1.026800e-01    1.184600e-01    2.537044e+01    2.503653e+01    7.996120e+00    7.337860e+00    9.235470e+00    1.425810e+00    1.026428e+01    8.289050e+00    6.496020e+00    8.432700e-01    2.382558e+01    1.583110e+00 
   9.503300e-01    7.922100e-01    1.648600e-01    8.898300e-01    6.111100e-01    1.039600e-01    1.190600e-01    2.550543e+01    2.516948e+01    8.002500e+00    7.359950e+00    9.321100e+00    1.448280e+00    1.027922e+01    8.328000e+00    6.564660e+00    8.574900e-01    2.394478e+01    1.599120e+00 
   9.510900e-01    7.946900e-01    1.663600e-01    8.910900e-01    6.136500e-01    1.050400e-01    1.196600e-01    2.563924e+01    2.530333e+01    8.009000e+00    7.381670e+00    9.406440e+00    1.470310e+00    1.029361e+01    8.365000e+00    6.634530e+00    8.715300e-01    2.406250e+01    1.615440e+00 
   9.518900e-01    7.968600e-01    1.679600e-01    8.921800e-01    6.165200e-01    1.061800e-01    1.203100e-01    2.577182e+01    2.543877e+01    8.015530e+00    7.402250e+00    9.490140e+00    1.493620e+00    1.030861e+01    8.402180e+00    6.701750e+00    8.863800e-01    2.417950e+01    1.631240e+00 
   9.525700e-01    7.994200e-01    1.695200e-01    8.934700e-01    6.193300e-01    1.074100e-01    1.209400e-01    2.590519e+01    2.557315e+01    8.021670e+00    7.422620e+00    9.575690e+00    1.516390e+00    1.032249e+01    8.439560e+00    6.770850e+00    9.010200e-01    2.429674e+01    1.647540e+00 
   9.532200e-01    8.016000e-01    1.713400e-01    8.946400e-01    6.224900e-01    1.084100e-01    1.215200e-01    2.603776e+01    2.570467e+01    8.027940e+00    7.443320e+00    9.659700e+00    1.539710e+00    1.033615e+01    8.476380e+00    6.839780e+00    9.158900e-01    2.441344e+01    1.663590e+00 
   9.538700e-01    8.039900e-01    1.731000e-01    8.959000e-01    6.251900e-01    1.096100e-01    1.221800e-01    2.617042e+01    2.583826e+01    8.034180e+00    7.464310e+00    9.743420e+00    1.563100e+00    1.034991e+01    8.512450e+00    6.909740e+00    9.307200e-01    2.452986e+01    1.680090e+00 
   9.546000e-01    8.063000e-01    1.748800e-01    8.972100e-01    6.278500e-01    1.104800e-01    1.227400e-01    2.630419e+01    2.597141e+01    8.040440e+00    7.484700e+00    9.828470e+00    1.586840e+00    1.036335e+01    8.548990e+00    6.980110e+00    9.457500e-01    2.464755e+01    1.696380e+00 
   9.553200e-01    8.085800e-01    1.764400e-01    8.982800e-01    6.305800e-01    1.118700e-01    1.234300e-01    2.643734e+01    2.610476e+01    8.046600e+00    7.504120e+00    9.912700e+00    1.611700e+00    1.037742e+01    8.584830e+00    7.049940e+00    9.608500e-01    2.476403e+01    1.713310e+00 
   9.559400e-01    8.108300e-01    1.781600e-01    8.995100e-01    6.334000e-01    1.129800e-01    1.239500e-01    2.657011e+01    2.623779e+01    8.052550e+00    7.523470e+00    9.998110e+00    1.635310e+00    1.039059e+01    8.621100e+00    7.119370e+00    9.763800e-01    2.488050e+01    1.729710e+00 
   9.566400e-01    8.131000e-01    1.800400e-01    9.007700e-01    6.360800e-01    1.144000e-01    1.244900e-01    2.670356e+01    2.637109e+01    8.058300e+00    7.542990e+00    1.008380e+01    1.659490e+00    1.040405e+01    8.657410e+00    7.189310e+00    9.918800e-01    2.499743e+01    1.746380e+00 
   9.573900e-01    8.151300e-01    1.814000e-01    9.019200e-01    6.387900e-01    1.155500e-01    1.250500e-01    2.683689e+01    2.650353e+01    8.063890e+00    7.562440e+00    1.016917e+01    1.683860e+00    1.041734e+01    8.692130e+00    7.260620e+00    1.007560e+00    2.511373e+01    1.763650e+00 
   9.581800e-01    8.173000e-01    1.829500e-01    9.031900e-01    6.414900e-01    1.167500e-01    1.256000e-01    2.697222e+01    2.663690e+01    8.069590e+00    7.581530e+00    1.025538e+01    1.709580e+00    1.043063e+01    8.728450e+00    7.331520e+00    1.023950e+00    2.523178e+01    1.781100e+00 
   9.589400e-01    8.193000e-01    1.844400e-01    9.041900e-01    6.438500e-01    1.181200e-01    1.261100e-01    2.710556e+01    2.677075e+01    8.075260e+00    7.600460e+00    1.034124e+01    1.734060e+00    1.044324e+01    8.763750e+00    7.402650e+00    1.039970e+00    2.534838e+01    1.798020e+00 
   9.594000e-01    8.212500e-01    1.862100e-01    9.052900e-01    6.464400e-01    1.192000e-01    1.266500e-01    2.723930e+01    2.690507e+01    8.080880e+00    7.619160e+00    1.042710e+01    1.759040e+00    1.045555e+01    8.798770e+00    7.474070e+00    1.056520e+00    2.546531e+01    1.815060e+00 
   9.600500e-01    8.231500e-01    1.876700e-01    9.062800e-01    6.490200e-01    1.203500e-01    1.272900e-01    2.737236e+01    2.703803e+01    8.086110e+00    7.637710e+00    1.051209e+01    1.784700e+00    1.046840e+01    8.834030e+00    7.544760e+00    1.072130e+00    2.558153e+01    1.832120e+00 
   9.606900e-01    8.251100e-01    1.893000e-01    9.072800e-01    6.515400e-01    1.213700e-01    1.279200e-01    2.750710e+01    2.717169e+01    8.091750e+00    7.656890e+00    1.059707e+01    1.811140e+00    1.048145e+01    8.868930e+00    7.617120e+00    1.088150e+00    2.569917e+01    1.849500e+00 
   9.612900e-01    8.271200e-01    1.908300e-01    9.083600e-01    6.544000e-01    1.224500e-01    1.286000e-01    2.763936e+01    2.730526e+01    8.096930e+00    7.674790e+00    1.068247e+01    1.836300e+00    1.049369e+01    8.902520e+00    7.688440e+00    1.104680e+00    2.581454e+01    1.866600e+00 
   9.618500e-01    8.290300e-01    1.922600e-01    9.096300e-01    6.568000e-01    1.233600e-01    1.292400e-01    2.777141e+01    2.744003e+01    8.101880e+00    7.692840e+00    1.076659e+01    1.862570e+00    1.050533e+01    8.935980e+00    7.759900e+00    1.121440e+00    2.592963e+01    1.883770e+00 
   9.624800e-01    8.309300e-01    1.938800e-01    9.106300e-01    6.596200e-01    1.244500e-01    1.297600e-01    2.790455e+01    2.757337e+01    8.106930e+00    7.710280e+00    1.085239e+01    1.888850e+00    1.051722e+01    8.969820e+00    7.831760e+00    1.138580e+00    2.604475e+01    1.902030e+00 
   9.630100e-01    8.329400e-01    1.952600e-01    9.118000e-01    6.623500e-01    1.256900e-01    1.303000e-01    2.803605e+01    2.770607e+01    8.111930e+00    7.727100e+00    1.093694e+01    1.915360e+00    1.052931e+01    9.003580e+00    7.902370e+00    1.155410e+00    2.615905e+01    1.919390e+00 
   9.635900e-01    8.347400e-01    1.968000e-01    9.128200e-01    6.648100e-01    1.267900e-01    1.308100e-01    2.816963e+01    2.783835e+01    8.116540e+00    7.744700e+00    1.102360e+01    1.941540e+00    1.054161e+01    9.037420e+00    7.974220e+00    1.172460e+00    2.627536e+01    1.936840e+00 
   9.641900e-01    8.367500e-01    1.985800e-01    9.137800e-01    6.674800e-01    1.281300e-01    1.313800e-01    2.830267e+01    2.797009e+01    8.121660e+00    7.761900e+00    1.110918e+01    1.967940e+00    1.055256e+01    9.070310e+00    8.047910e+00    1.189780e+00    2.639114e+01    1.954290e+00 
   9.647800e-01    8.386800e-01    2.002000e-01    9.146500e-01    6.699400e-01    1.292700e-01    1.319000e-01    2.843539e+01    2.810213e+01    8.126470e+00    7.779050e+00    1.119465e+01    1.994630e+00    1.056362e+01    9.103670e+00    8.120230e+00    1.207330e+00    2.650665e+01    1.971730e+00 
   9.652500e-01    8.405400e-01    2.020400e-01    9.156200e-01    6.725900e-01    1.302600e-01    1.324800e-01    2.856907e+01    2.823667e+01    8.131410e+00    7.796350e+00    1.127956e+01    2.022520e+00    1.057466e+01    9.136380e+00    8.193520e+00    1.225410e+00    2.662262e+01    1.989620e+00 
   9.659600e-01    8.425100e-01    2.034400e-01    9.164800e-01    6.751800e-01    1.314900e-01    1.330100e-01    2.870218e+01    2.836850e+01    8.135650e+00    7.813040e+00    1.136548e+01    2.050110e+00    1.058572e+01    9.168740e+00    8.267010e+00    1.243120e+00    2.673771e+01    2.007820e+00 
   9.665000e-01    8.441600e-01    2.050500e-01    9.173500e-01    6.774900e-01    1.326600e-01    1.334900e-01    2.883821e+01    2.850219e+01    8.140560e+00    7.830360e+00    1.145255e+01    2.078080e+00    1.059706e+01    9.201650e+00    8.341360e+00    1.262010e+00    2.685504e+01    2.026690e+00 
   9.671100e-01    8.459900e-01    2.068300e-01    9.183900e-01    6.797200e-01    1.339700e-01    1.340800e-01    2.897082e+01    2.863522e+01    8.144560e+00    7.846670e+00    1.153790e+01    2.106380e+00    1.060803e+01    9.233540e+00    8.414910e+00    1.279750e+00    2.696967e+01    2.044920e+00 
   9.675100e-01    8.480700e-01    2.082300e-01    9.193600e-01    6.821700e-01    1.350000e-01    1.345900e-01    2.910297e+01    2.877048e+01    8.148520e+00    7.862400e+00    1.162347e+01    2.134560e+00    1.061896e+01    9.265490e+00    8.487810e+00    1.297710e+00    2.708380e+01    2.063120e+00 
   9.680500e-01    8.497600e-01    2.096900e-01    9.201900e-01    6.847900e-01    1.360100e-01    1.352000e-01    2.923769e+01    2.890485e+01    8.152910e+00    7.878400e+00    1.171068e+01    2.162800e+00    1.062995e+01    9.298170e+00    8.561860e+00    1.316130e+00    2.720035e+01    2.081520e+00 
   9.685300e-01    8.519200e-01    2.113200e-01    9.211800e-01    6.873600e-01    1.372100e-01    1.357700e-01    2.936906e+01    2.903620e+01    8.156970e+00    7.893800e+00    1.179607e+01    2.190970e+00    1.064061e+01    9.328380e+00    8.635530e+00    1.334540e+00    2.731418e+01    2.099220e+00 
   9.689800e-01    8.537200e-01    2.129700e-01    9.220300e-01    6.897100e-01    1.383500e-01    1.364200e-01    2.950307e+01    2.917058e+01    8.161350e+00    7.909250e+00    1.188308e+01    2.219370e+00    1.065089e+01    9.360460e+00    8.709630e+00    1.353570e+00    2.742944e+01    2.118180e+00 
   9.694400e-01    8.555000e-01    2.145300e-01    9.228600e-01    6.918900e-01    1.397400e-01    1.368700e-01    2.963563e+01    2.930400e+01    8.165400e+00    7.925300e+00    1.196781e+01    2.248350e+00    1.066120e+01    9.391760e+00    8.783170e+00    1.372390e+00    2.754434e+01    2.135990e+00 
   9.699500e-01    8.570800e-01    2.160400e-01    9.237800e-01    6.943400e-01    1.408000e-01    1.373000e-01    2.976932e+01    2.943604e+01    8.169620e+00    7.940790e+00    1.205343e+01    2.277850e+00    1.067142e+01    9.422830e+00    8.857150e+00    1.392080e+00    2.765975e+01    2.154460e+00 
   9.704700e-01    8.584500e-01    2.176000e-01    9.245200e-01    6.966400e-01    1.421400e-01    1.378400e-01    2.990169e+01    2.956883e+01    8.173650e+00    7.956040e+00    1.213812e+01    2.307500e+00    1.068168e+01    9.453880e+00    8.931030e+00    1.410720e+00    2.777369e+01    2.173130e+00 
   9.709100e-01    8.601600e-01    2.192800e-01    9.253300e-01    6.988700e-01    1.433500e-01    1.384500e-01    3.003519e+01    2.970209e+01    8.177260e+00    7.971240e+00    1.222475e+01    2.336770e+00    1.069128e+01    9.484630e+00    9.005970e+00    1.430150e+00    2.788873e+01    2.191840e+00 
   9.712600e-01    8.617800e-01    2.209600e-01    9.262400e-01    7.014700e-01    1.444600e-01    1.390400e-01    3.016936e+01    2.983535e+01    8.181020e+00    7.985740e+00    1.231134e+01    2.367230e+00    1.070148e+01    9.515530e+00    9.080570e+00    1.450260e+00    2.800408e+01    2.210880e+00 
   9.718100e-01    8.635900e-01    2.223900e-01    9.269600e-01    7.036300e-01    1.455600e-01    1.395700e-01    3.030306e+01    2.996836e+01    8.184720e+00    8.000810e+00    1.239814e+01    2.396680e+00    1.071168e+01    9.545010e+00    9.155940e+00    1.470260e+00    2.811915e+01    2.229710e+00 
   9.722200e-01    8.653000e-01    2.240100e-01    9.276500e-01    7.058500e-01    1.468100e-01    1.401300e-01    3.043668e+01    3.010198e+01    8.188490e+00    8.015620e+00    1.248443e+01    2.426830e+00    1.072157e+01    9.575090e+00    9.231250e+00    1.490020e+00    2.823394e+01    2.248700e+00 
   9.726600e-01    8.669800e-01    2.254900e-01    9.284200e-01    7.080700e-01    1.480100e-01    1.405900e-01    3.056906e+01    3.023630e+01    8.192030e+00    8.029900e+00    1.256993e+01    2.457060e+00    1.073123e+01    9.604500e+00    9.306640e+00    1.509380e+00    2.834804e+01    2.267080e+00 
   9.731400e-01    8.685500e-01    2.270900e-01    9.291300e-01    7.102700e-01    1.490400e-01    1.412800e-01    3.070172e+01    3.036944e+01    8.195990e+00    8.044220e+00    1.265434e+01    2.488290e+00    1.074047e+01    9.635180e+00    9.381110e+00    1.528980e+00    2.846234e+01    2.285620e+00 
   9.734800e-01    8.700000e-01    2.286300e-01    9.299600e-01    7.126600e-01    1.503400e-01    1.417800e-01    3.083498e+01    3.050261e+01    8.199200e+00    8.058260e+00    1.274046e+01    2.519280e+00    1.074973e+01    9.664020e+00    9.456600e+00    1.550090e+00    2.857611e+01    2.305260e+00 
   9.738400e-01    8.715400e-01    2.302100e-01    9.309200e-01    7.147700e-01    1.515700e-01    1.421400e-01    3.096845e+01    3.063583e+01    8.202830e+00    8.072080e+00    1.282693e+01    2.550020e+00    1.075904e+01    9.693170e+00    9.532560e+00    1.570560e+00    2.869005e+01    2.324930e+00 
   9.743200e-01    8.729500e-01    2.318600e-01    9.317900e-01    7.169700e-01    1.527700e-01    1.427200e-01    3.110146e+01    3.076848e+01    8.206260e+00    8.085740e+00    1.291301e+01    2.581160e+00    1.076802e+01    9.721450e+00    9.609110e+00    1.591170e+00    2.880452e+01    2.343660e+00 
   9.746800e-01    8.744900e-01    2.333600e-01    9.326200e-01    7.188000e-01    1.541600e-01    1.431700e-01    3.123533e+01    3.090089e+01    8.209910e+00    8.098700e+00    1.299949e+01    2.613050e+00    1.077708e+01    9.750840e+00    9.685010e+00    1.611980e+00    2.891952e+01    2.362700e+00 
   9.749800e-01    8.759100e-01    2.349900e-01    9.333400e-01    7.209800e-01    1.553900e-01    1.437400e-01    3.136830e+01    3.103533e+01    8.213160e+00    8.112230e+00    1.308493e+01    2.644780e+00    1.078642e+01    9.779540e+00    9.760130e+00    1.633220e+00    2.903333e+01    2.382070e+00 
   9.754000e-01    8.773900e-01    2.366800e-01    9.341600e-01    7.232400e-01    1.567400e-01    1.443000e-01    3.150037e+01    3.116879e+01    8.216360e+00    8.125350e+00    1.317053e+01    2.676130e+00    1.079487e+01    9.807260e+00    9.835900e+00    1.654810e+00    2.914615e+01    2.401470e+00 
   9.756900e-01    8.788900e-01    2.383500e-01    9.349200e-01    7.253200e-01    1.580300e-01    1.449500e-01    3.163367e+01    3.130205e+01    8.219360e+00    8.138670e+00    1.325649e+01    2.708100e+00    1.080367e+01    9.835740e+00    9.912050e+00    1.676110e+00    2.926026e+01    2.420880e+00 
   9.759800e-01    8.802300e-01    2.398700e-01    9.357100e-01    7.276400e-01    1.593000e-01    1.454100e-01    3.176880e+01    3.143414e+01    8.222600e+00    8.152190e+00    1.334211e+01    2.741980e+00    1.081260e+01    9.863820e+00    9.989600e+00    1.698100e+00    2.937568e+01    2.440690e+00 
   9.763800e-01    8.817100e-01    2.414400e-01    9.363600e-01    7.297500e-01    1.604000e-01    1.461200e-01    3.190368e+01    3.156609e+01    8.225810e+00    8.165480e+00    1.342866e+01    2.774970e+00    1.082120e+01    9.892250e+00    1.006683e+01    1.720020e+00    2.949102e+01    2.460500e+00 
   9.767600e-01    8.833100e-01    2.427300e-01    9.369900e-01    7.318100e-01    1.615200e-01    1.466500e-01    3.203739e+01    3.170244e+01    8.228900e+00    8.177990e+00    1.351481e+01    2.808030e+00    1.082929e+01    9.920660e+00    1.014306e+01    1.742380e+00    2.960502e+01    2.480380e+00 
   9.771200e-01    8.847300e-01    2.442200e-01    9.376600e-01    7.339000e-01    1.627500e-01    1.472100e-01    3.217177e+01    3.183653e+01    8.232120e+00    8.190010e+00    1.360165e+01    2.841480e+00    1.083778e+01    9.948110e+00    1.022170e+01    1.763570e+00    2.971867e+01    2.501270e+00 
   9.774300e-01    8.860500e-01    2.457100e-01    9.383100e-01    7.358900e-01    1.639600e-01    1.477300e-01    3.230514e+01    3.197078e+01    8.235440e+00    8.202260e+00    1.368760e+01    2.874360e+00    1.084618e+01    9.975430e+00    1.029831e+01    1.786030e+00    2.983279e+01    2.520700e+00 
   9.778100e-01    8.872400e-01    2.472100e-01    9.389700e-01    7.376800e-01    1.650900e-01    1.484000e-01    3.243772e+01    3.210519e+01    8.238360e+00    8.214510e+00    1.377315e+01    2.907260e+00    1.085426e+01    1.000205e+01    1.037555e+01    1.808010e+00    2.994570e+01    2.540580e+00 
   9.781500e-01    8.886300e-01    2.487100e-01    9.395800e-01    7.396400e-01    1.663600e-01    1.489200e-01    3.257105e+01    3.223825e+01    8.241110e+00    8.226280e+00    1.385960e+01    2.940850e+00    1.086228e+01    1.002951e+01    1.045303e+01    1.829780e+00    3.006019e+01    2.559650e+00 
   9.784600e-01    8.901700e-01    2.503500e-01    9.402800e-01    7.417600e-01    1.676200e-01    1.494700e-01    3.270468e+01    3.237072e+01    8.244060e+00    8.238740e+00    1.394576e+01    2.974120e+00    1.087020e+01    1.005640e+01    1.053037e+01    1.852550e+00    3.017401e+01    2.579610e+00 
   9.787800e-01    8.916400e-01    2.519000e-01    9.407300e-01    7.437800e-01    1.687800e-01    1.499500e-01    3.283790e+01    3.250283e+01    8.246900e+00    8.250690e+00    1.403079e+01    3.008750e+00    1.087839e+01    1.008253e+01    1.060747e+01    1.875630e+00    3.028642e+01    2.600660e+00 
   9.791700e-01    8.931900e-01    2.534400e-01    9.414400e-01    7.458300e-01    1.699200e-01    1.506000e-01    3.296971e+01    3.263769e+01    8.249660e+00    8.262740e+00    1.411500e+01    3.042800e+00    1.088614e+01    1.010847e+01    1.068439e+01    1.898050e+00    3.039814e+01    2.620990e+00 
   9.795900e-01    8.944000e-01    2.548300e-01    9.421100e-01    7.480300e-01    1.712500e-01    1.511300e-01    3.310291e+01    3.277166e+01    8.252470e+00    8.274220e+00    1.420129e+01    3.076470e+00    1.089437e+01    1.013420e+01    1.076196e+01    1.921040e+00    3.051165e+01    2.640810e+00 
   9.798900e-01    8.955500e-01    2.564300e-01    9.427800e-01    7.501200e-01    1.723700e-01    1.517600e-01    3.323798e+01    3.290416e+01    8.255120e+00    8.285490e+00    1.428729e+01    3.112730e+00    1.090227e+01    1.016041e+01    1.083996e+01    1.945410e+00    3.062601e+01    2.661720e+00 
