   5.0000000e-03   1.9712343e-01   3.5152876e-01   9.4914482e-01   1.0000000e+00
   9.5012115e-02   9.5012115e-02   1.1711978e-01   1.1711978e-01   1.0000000e+00
   2.1491564e-02   2.1491564e-02   2.4632841e-02   2.4632841e-02   1.0000000e+00
   3.4931924e-03   5.7020025e-03   6.0463864e-03   1.0469286e-02   1.0000000e+00
   5.0000000e-03   2.5914567e-01   4.6213256e-01   1.2477805e+00   1.0000000e+00
   1.4612538e-01   1.4612538e-01   1.8012621e-01   1.8012621e-01   1.0000000e+00
   2.6116922e-02   2.6116922e-02   2.9934256e-02   2.9934256e-02   1.0000000e+00
   5.6659830e-03   9.2486887e-03   9.8072818e-03   1.6981256e-02   1.0000000e+00
   5.0000000e-03   1.8525786e-01   3.3036898e-01   8.9201238e-01   1.0000000e+00
   7.5447411e-02   7.5447411e-02   9.3002709e-02   9.3002709e-02   1.0000000e+00
   1.7114645e-02   1.7114645e-02   1.9616177e-02   1.9616177e-02   1.0000000e+00
   2.6105258e-03   4.2612095e-03   4.5185738e-03   7.8238866e-03   1.0000000e+00
   5.0000000e-03   1.7563013e-01   4.2433826e-01   7.0002387e-01   1.0000000e+00
   4.5041204e-02   4.5041204e-02   1.5452694e-01   1.5452694e-01   1.0000000e+00
   3.4240436e-02   3.4240436e-02   3.7710245e-02   3.7710245e-02   1.0000000e+00
   1.0815174e-03   3.5695981e-03   9.1830186e-03   1.5589815e-02   1.0000000e+00
   5.0000000e-03   3.2522555e-01   7.8577433e-01   1.2962790e+00   1.0000000e+00
   6.3373140e-02   6.3373140e-02   2.1741998e-01   2.1741998e-01   1.0000000e+00
   4.7224681e-02   4.7224681e-02   5.2010268e-02   5.2010268e-02   1.0000000e+00
   1.2368175e-03   4.0821732e-03   1.0501651e-02   1.7828428e-02   1.0000000e+00
   5.0000000e-03   1.4809700e-01   3.5781573e-01   5.9028274e-01   1.0000000e+00
   3.8620036e-02   3.8620036e-02   1.3249726e-01   1.3249726e-01   1.0000000e+00
   2.2919240e-02   2.2919240e-02   2.5241798e-02   2.5241798e-02   1.0000000e+00
   1.0349254e-03   3.4158191e-03   8.7874122e-03   1.4918202e-02   1.0000000e+00
