   5.0000000e-03   1.9692779e-01   3.5228520e-01   9.5256454e-01   1.0000000e+00
   9.5696578e-02   9.5696578e-02   1.1721215e-01   1.1721215e-01   1.0000000e+00
   2.1854275e-02   2.1854275e-02   2.4662012e-02   2.4662012e-02   1.0000000e+00
   3.7852715e-03   5.4268822e-03   6.0252210e-03   1.0331966e-02   1.0000000e+00
   5.0000000e-03   2.7664570e-01   4.9489300e-01   1.3381701e+00   1.0000000e+00
   1.3443530e-01   1.3443530e-01   1.6466055e-01   1.6466055e-01   1.0000000e+00
   3.0701057e-02   3.0701057e-02   3.4645387e-02   3.4645387e-02   1.0000000e+00
   6.3676827e-03   9.1292433e-03   1.0135784e-02   1.7380703e-02   1.0000000e+00
   5.0000000e-03   1.5760300e-01   2.8193686e-01   7.6234554e-01   1.0000000e+00
   7.6586790e-02   7.6586790e-02   9.3805887e-02   9.3805887e-02   1.0000000e+00
   1.7490163e-02   1.7490163e-02   1.9737219e-02   1.9737219e-02   1.0000000e+00
   2.7223726e-03   3.9030214e-03   4.3333475e-03   7.4307646e-03   1.0000000e+00
   5.0000000e-03   1.7532601e-01   4.2738427e-01   7.0140272e-01   1.0000000e+00
   4.5348324e-02   4.5348324e-02   1.5445634e-01   1.5445634e-01   1.0000000e+00
   3.4051503e-02   3.4051503e-02   3.6726205e-02   3.6726205e-02   1.0000000e+00
   1.3051758e-03   3.5317748e-03   9.4307234e-03   1.5676397e-02   1.0000000e+00
   5.0000000e-03   2.4600565e-01   5.9967681e-01   9.8416106e-01   1.0000000e+00
   6.3629713e-02   6.3629713e-02   2.1672273e-01   2.1672273e-01   1.0000000e+00
   4.7778776e-02   4.7778776e-02   5.1531737e-02   5.1531737e-02   1.0000000e+00
   2.7568107e-03   7.4598647e-03   1.9919707e-02   3.3111906e-02   1.0000000e+00
   5.0000000e-03   1.3028665e-01   3.1759386e-01   5.2121994e-01   1.0000000e+00
   3.3698829e-02   3.3698829e-02   1.1477818e-01   1.1477818e-01   1.0000000e+00
   2.5304040e-02   2.5304040e-02   2.7291640e-02   2.7291640e-02   1.0000000e+00
   1.2209032e-03   3.3037351e-03   8.8218002e-03   1.4664203e-02   1.0000000e+00
