1	1																										
1	1																										
1	2																										
1	1																										
1																											
1																											
1																											
1																											
1																											
2	2																										
2	1																										
2	3																										
2	1																										
2																											
2																											
2																											
2																											
2																											
3	3																										
3	1																										
3	4																										
3	1																										
3																											
3																											
3																											
3																											
3																											
4	5																										
4	1																										
4	6																										
4	1																										
4																											
4																											
4																											
4																											
4	1	2	3	4																							
5	6																										
5	1																										
5	7																										
5	1																										
5																											
5																											
5																											
5																											
5	1	2	3	4																							
6	7																										
6	1																										
6	8																										
6	1																										
6																											
6																											
6																											
6																											
6	1	2	3	4																							
7	9																										
7	1																										
7	10																										
7	1																										
7																											
7																											
7																											
7																											
7	5	6	7	8																							
8	52																										
8	1																										
8	22	54																									
8	1	1																									
8																											
8																											
8	11	12	13	14	15	16	17	18	19	20	21	22	23	24	25	26	27	28	29	30	31	32					
8	0	0	0	0	0	0	0	0	0	0	0	0	0	0	0	0	0	0	0	0	0	0					
8																											
9	1	22																									
9	1	1																									
9	1	22	11	32
9	1	1	1	1																							
9	32
9	1																										
9																											
9																											
9																											
10	2	22																									
10	1	1																									
10	2	22	12	31
10	1	1	1	1																							
10	31
10	1																										
10																											
10																											
10																											
11	3	22																									
11	1	1																									
11	3	22	13	30
11	1	1	1	1																							
11	30
11	1																										
11																											
11																											
11																											
12	4	22																									
12	1	1																									
12	4	22	14	29
12	1	1	1	1																							
12	29
12	1																										
12																											
12																											
12																											
13	5	22																									
13	1	1																									
13	5	22	15	28
13	1	1	1	1																							
13	28
13	1																										
13																											
13																											
13																											
14	6	22																									
14	1	1																									
14	6	22	16	27
14	1	1	1	1																							
14	27
14	1																										
14																											
14																											
14																											
15	7	22																									
15	1	1																									
15	7	22	17	26
15	1	1	1	1																							
15	26
15	1																										
15																											
15																											
15																											
16	8	22																									
16	1	1																									
16	8	22	18	25
16	1	1	1	1																							
16	25
16	1																										
16																											
16																											
16																											
17	9	22																									
17	1	1																									
17	9	22	19	24
17	1	1	1	1																							
17	24
17	1																										
17																											
17																											
17																											
18	10	22																									
18	1	1																									
18	10	22	20	23
18	1	1	1	1																							
18	23
18	1																										
18																											
18																											
18																											
19	18																										
19	1																										
19	18	21																									
19	1	1																									
19	21																										
19	1																										
19																											
19																											
19																											
20	20																										
20	1																										
20	20	21																									
20	1	1																									
20	21																										
20	1																										
20																											
20																											
20																											
21	12																										
21	1																										
21	12	39																									
21	1	1																									
21	33	39	18	20																							
21	1	1	1	1																							
21																											
21																											
21																											
22	13																										
22	1																										
22	13	40																									
22	1	1																									
22	34	40	18	20																							
22	1	1	1	1																							
22																											
22																											
22																											
23	14																										
23	1																										
23	14	41																									
23	1	1																									
23	35	41	18	20																							
23	1	1	1	1																							
23																											
23																											
23																											
24	17																										
24	1																										
24	17	42																									
24	1	1																									
24	36	42	20																								
24	1	1	1																								
24																											
24																											
24																											
25	18																										
25	1																										
25	18	43																									
25	1	1																									
25	37	43	20																								
25	1	1	1																								
25																											
25																											
25																											
26	20																										
26	1																										
26	20	44																									
26	1	1																									
26	38	44																									
26	1	1																									
26																											
26																											
26																											
27	39																										
27	1																										
27	39	45																									
27	1	1																									
27	45																										
27	1																										
27																											
27																											
27																											
28	40																										
28	1																										
28	40	45																									
28	1	1																									
28	45																										
28	1																										
28																											
28																											
28																											
29	41																										
29	1																										
29	41	45																									
29	1	1																									
29	45																										
29	1																										
29																											
29																											
29																											
30	42																										
30	1																										
30	42	46																									
30	1	1																									
30	46																										
30	1																										
30																											
30																											
30																											
31	43																										
31	1																										
31	43	47																									
31	1	1																									
31	47																										
31	1																										
31																											
31																											
31																											
32	44																										
32	1																										
32	44	48																									
32	1	1																									
32	48																										
32	1																										
32																											
32																											
32																											
33	50																										
33	1																										
33	51																										
33	1																										
33																											
33																											
33	1	2	3	4	11	12	13	14	39	40	41																
33	1	0	0	0	1	0	0	0	0	0	0																
33																											
34	45																										
34	1																										
34	1																										
34	1																										
34																											
34																											
34	1	2	3	4	11	12	13	14	39	40	41																
34	0	0	0	0	1	0	0	0	0	0	0																
34																											
35	46																										
35	1																										
35	5																										
35	1																										
35																											
35																											
35	5	6	7	8	15	16	17	18	42																		
35	0	0	0	0	1	0	0	0	0																		
35																											
36	47																										
36	1																										
36	5																										
36	1																										
36																											
36																											
36	1	2	3	4	5	6	7	8	11	12	13	14	15	16	17	18	21	39	40	41	42	43					
36	1	0	0	0	0	0	0	0	1	0	0	0	1	0	0	0	0	0	0	0	0	0					
36																											
37	48																										
37	1																										
37	9																										
37	1																										
37																											
37																											
37	1	2	3	4	5	6	7	8	9	10	11	12	13	14	15	16	17	18	19	20	21	39	40	41	42	43	44
37	1	0	0	0	1	0	0	0	0	0	1	0	0	0	1	0	0	0	1	0	0	0	0	0	0	0	0
37																											
38	49																										
38	1																										
38	50																										
38	1																										
38																											
38																											
38																											
38																											
38																											
39	51																										
39	1																										
39	49																										
39	1																										
39																											
39																											
39																											
39																											
39																											
40	52																										
40	1																										
40	53																										
40	1																										
40																											
40																											
40																											
40																											
40																											
41	54																										
41	1																										
41	52																										
41	1																										
41																											
41																											
41																											
41																											
41																											